     0     0  735.49902    0   70  920.14635  735.49902  20.1%     -   16s
     0     0  735.49902    0   70  920.14635  735.49902  20.1%     -   17s
     0     0  735.49902    0   78  920.14635  735.49902  20.1%     -   18s
H    0     0                     918.0342095  735.49902  19.9%     -   20s
     0     0  735.49902    0   70  918.03421  735.49902  19.9%     -   20s
     0     0  735.49902    0   70  918.03421  735.49902  19.9%     -   24s
H    0     0                     917.0521690  735.49902  19.8%     -   24s
H    0     2                     915.8161010  735.49902  19.7%     -   25s
     0     2  735.49902    0   70  915.81610  735.49902  19.7%     -   25s
     1     4  742.97891    1   82  915.81610  738.19912  19.4%   936   42s
     3     8  744.53690    2   94  915.81610  742.97891  18.9%   516   48s
     7    12  744.93283    3   86  915.81610  744.53690  18.7%   298   70s
    15    18  748.15205    3   88  915.81610  744.93283  18.7%   220   82s
    19    22  750.68243    4   86  915.81610  748.00316  18.3%   272   95s
    23    29  750.80337    5   87  915.81610  748.00316  18.3%   274  102s
H   30    33                     898.9038756  748.00316  16.8%   245  124s
    34    41  750.96820    8   87  898.90388  748.00316  16.8%   231  128s
    54    63  751.22304   13   87  898.90388  748.00316  16.8%   148  133s
    64    72  751.25685   16   86  898.90388  748.00316  16.8%   131  145s
H   67    72                     893.6591841  748.00316  16.3%   125  145s
H   70    72                     887.7844405  748.00316  15.7%   130  145s
    86   102  751.60990   23   86  887.78444  748.00316  15.7%   107  150s
H  106   112                     886.8119775  748.00316  15.7%  87.6  153s
H  110   112                     883.4598852  748.00316  15.3%  84.5  153s
   113   127  751.82055   30   87  883.45989  748.00316  15.3%  82.4  155s
H  152   169                     882.8877293  748.00316  15.3%  62.0  159s
   170   178  752.46500   45   84  882.88773  748.00316  15.3%  56.0  166s
   179   184  754.83023   47   94  882.88773  748.00316  15.3%  63.1  171s
   185   192  756.75529   48   82  882.88773  748.00316  15.3%  70.1  178s
   193   201  759.39464   51   88  882.88773  748.00316  15.3%  78.0  181s
   202   208  762.75677   53   81  882.88773  748.00316  15.3%  77.4  186s
   209   219  770.81591   55   72  882.88773  748.00316  15.3%  82.4  191s
   220   229 infeasible   55       882.88773  748.00316  15.3%  83.0  198s
H  230   229                     882.7910609  748.00316  15.3%  82.2  198s
   232   247  774.64376   57   85  882.79106  748.00316  15.3%  88.8  203s
   250   266  774.69262   60   84  882.79106  748.00316  15.3%  87.2  209s
H  266   266                     882.3907368  748.00316  15.2%  86.8  209s
   269   295  775.88603   62   92  882.39074  748.00316  15.2%  88.8  212s
   298   306  780.20910   66   96  882.39074  748.00316  15.2%  82.3  232s
H  300   306                     871.2313994  748.00316  14.1%  81.8  232s
   309   328  782.79053   69   90  871.23140  748.00316  14.1%  81.9  237s
H  319   328                     870.8311002  748.00316  14.1%  80.6  237s
   331   354  784.77111   73   98  870.83110  748.00316  14.1%  78.9  241s
   357   377  785.22004   76   92  870.83110  748.00316  14.1%  76.3  248s
   380   395  786.52708   80   96  870.83110  748.00316  14.1%  78.7  255s
   398   404  787.35391   81  509  870.83110  748.00316  14.1%  81.4  265s
H  408   412                     870.8310991  748.00316  14.1%  82.5  279s
H  409   411                     865.9102014  748.00316  13.6%  84.4  279s
   416   437  795.86840   82  467  865.91020  748.00316  13.6%  84.8  284s
   443   468  796.88853   85  434  865.91020  748.00316  13.6%  83.4  291s
   474   508  800.42958   99  425  865.91020  748.00316  13.6%  80.9  298s
   514   539  813.88075  108  343  865.91020  748.00316  13.6%  78.5  305s
   545   575  822.18140  115  165  865.91020  748.00316  13.6%  79.2  314s
   581   597  850.69535  124  128  865.91020  748.00316  13.6%  80.8  330s
   613   645  757.36790    5  343  865.91020  748.00316  13.6%  85.9  339s
   661   696  775.36360   11  250  865.91020  748.00316  13.6%  85.7  357s
   720   743  777.96378   23  252  865.91020  748.00316  13.6%  84.7  370s
   773   796  779.35121   27  243  865.91020  748.00316  13.6%  82.3  378s
   830   838  789.06081   32  143  865.91020  748.00316  13.6%  82.7  387s
   882   883  802.28294   36  230  865.91020  748.00316  13.6%  82.6  395s
   938   934  801.94046   34  228  865.91020  748.00316  13.6%  85.2  404s
  1006   979  804.95702   47  219  865.91020  748.00316  13.6%  86.2  414s
  1077  1037  811.71173   67  125  865.91020  748.00316  13.6%  90.9  426s
  1155  1085  812.37778   80  190  865.91020  748.00316  13.6%  92.0  438s
H 1229  1101                     865.9101991  748.00316  13.6%  92.0  446s
H 1236  1091                     859.1783898  748.00316  12.9%  92.1  446s
  1249  1150  828.41903   99  328  859.17839  748.00316  12.9%  93.9  458s
  1335  1186  819.88479  119  188  859.17839  748.00316  12.9%  96.1  470s
  1424  1187  805.81590   52   70  859.17839  748.00316  12.9%  98.2  475s
H 1426  1128                     859.1783449  748.00316  12.9%  98.0  483s
H 1427  1073                     854.9208476  748.00316  12.5%  97.9  484s
  1428  1074  792.39730  113   88  854.92085  748.00316  12.5%  97.9  488s
  1429  1074  814.44940   47   70  854.92085  748.00316  12.5%  97.8  491s
  1430  1075  762.01707    7   70  854.92085  748.00316  12.5%  97.7  535s
H 1430  1023                     854.9208328  748.00316  12.5%   107  539s
  1431  1025  748.00316   12   70  854.92083  748.00316  12.5%   108  566s
  1433  1028  748.00316   13   70  854.92083  748.00316  12.5%   108  608s
  1437  1031  748.00316   14   84  854.92083  748.00316  12.5%   109  612s
  1445  1036  748.00316   15   98  854.92083  748.00316  12.5%   109  620s
  1449  1039  749.43679   15   92  854.92083  748.00316  12.5%   109  626s
  1453  1042  748.00316   16  102  854.92083  748.00316  12.5%   110  632s
  1458  1045  748.00316   16   90  854.92083  748.00316  12.5%   110  647s
H 1459   993                     854.2567347  748.00316  12.4%   110  647s
  1462   996  761.45603   17  143  854.25673  748.00316  12.4%   110  658s
  1466  1001  749.92386   17  100  854.25673  748.00316  12.4%   111  663s
  1472  1006  751.22268   18   98  854.25673  748.00316  12.4%   112  672s
  1479  1011  751.45827   20   97  854.25673  748.00316  12.4%   113  678s
  1486  1018  751.63122   21   97  854.25673  748.00316  12.4%   115  682s
  1496  1025  782.15443   22  141  854.25673  748.00316  12.4%   116  690s
  1506  1030  752.45964   24   92  854.25673  748.00316  12.4%   116  720s
  1514  1040  752.45964   25  103  854.25673  748.00316  12.4%   118  728s
H 1527   997                     854.2567337  748.00316  12.4%   119  735s
  1537  1005  758.71478   29   48  854.25673  748.00316  12.4%   120  742s
  1549  1013  809.42025   30   66  854.25673  748.00316  12.4%   121  753s
  1561  1015  761.53621   32  339  854.25673  748.00316  12.4%   123  775s
  1567  1027  815.02267   32  387  854.25673  748.00316  12.4%   124  787s
  1581  1040  761.53621   33   69  854.25673  748.00316  12.4%   126  797s
  1598  1047  761.61621   35   58  854.25673  748.00316  12.4%   126  810s
  1611  1056  762.25184   37   55  854.25673  748.00316  12.4%   128  822s
  1624  1071  762.31934   39   83  854.25673  748.00316  12.4%   132  832s
  1644  1085  762.40854   41   84  854.25673  748.00316  12.4%   135  843s
  1664  1104  762.57148   44   64  854.25673  748.00316  12.4%   136  851s
H 1690  1072                     854.2567215  748.00316  12.4%   138  860s
  1714  1089  816.65494   47  680  854.25672  748.00316  12.4%   140  868s
H 1739  1049                     854.2567080  748.00316  12.4%   140  875s
H 1748  1004                     854.2567079  748.00316  12.4%   142  875s
  1751  1026  764.23836   50  590  854.25671  748.00316  12.4%   142  888s
  1775  1047  764.23836   52  245  854.25671  748.00316  12.4%   145  899s
  1805  1070  764.59110   55  264  854.25671  748.00316  12.4%   147  908s
  1838  1082  764.89120   59  243  854.25671  748.00316  12.4%   150  918s
  1866  1101  764.93172   61  264  854.25671  748.00316  12.4%   151  931s
  1901  1111  791.59491   63  237  854.25671  748.00316  12.4%   154  944s
  1929  1133  797.78050   66  246  854.25671  748.00316  12.4%   158  958s
  1964  1159  773.22251   71  234  854.25671  748.00316  12.4%   159  970s
  2019  1174  794.11610   74   59  854.25671  748.00316  12.4%   160  982s
  2068  1176  779.63290   78   54  854.25671  748.00316  12.4%   161  991s
  2087  1215  848.16535   78  285  854.25671  748.00316  12.4%   162 1003s
  2134  1248  784.12574   83   54  854.25671  748.00316  12.4%   164 1017s
  2190  1298  785.22195   89   73  854.25671  748.00316  12.4%   165 1031s
  2268  1329  786.06339   94   71  854.25671  748.00316  12.4%   165 1045s
  2339  1354  790.20101  100   80  854.25671  748.00316  12.4%   164 1056s
  2401  1389  790.76722  105   79  854.25671  748.00316  12.4%   165 1069s
  2490  1393  791.27240  111   79  854.25671  748.00316  12.4%   165 1083s
  2556  1428  791.53394  114   67  854.25671  748.00316  12.4%   165 1097s
  2631  1463  803.94630  120  372  854.25671  748.00316  12.4%   167 1112s
  2704  1501  799.20015  127  205  854.25671  748.00316  12.4%   168 1133s
  2793  1545  800.45791  137  161  854.25671  748.00316  12.4%   169 1151s
  2905  1561     cutoff  147       854.25671  748.00316  12.4%   169 1169s
  3024  1571  813.75975  158  102  854.25671  748.00316  12.4%   169 1186s
  3121  1575  816.49481  166  249  854.25671  748.00316  12.4%   171 1209s
  3216  1617     cutoff  177       854.25671  748.00316  12.4%   171 1230s
H 3242  1569                     854.2566997  748.00316  12.4%   171 1230s
  3381  1565     cutoff  202       854.25670  748.00316  12.4%   169 1252s
H 3383  1526                     854.2566994  748.00316  12.4%   169 1252s
H 3486  1465                     854.2566366  748.00316  12.4%   167 1253s
  3544  1551  848.95244  229  102  854.25664  748.00316  12.4%   169 1273s
H 3551  1551                     854.2566251  748.00316  12.4%   168 1273s
  3747  1606  830.14307  254   85  854.25663  748.00316  12.4%   167 1294s
  3937  1698     cutoff  286       854.25663  748.00316  12.4%   166 1314s
  4112  1791     cutoff  340       854.25663  748.00316  12.4%   164 1337s
  4249  1979  749.19851   17  874  854.25663  748.00316  12.4%   163 1358s
  4456  2216  845.21623   56  240  854.25663  748.00316  12.4%   160 1376s
  4723  2431  801.95836   55  103  854.25663  748.02472  12.4%   154 1400s
  4963  2618  831.12124   29  101  854.25663  748.02472  12.4%   151 1423s
H 5093  2615                     854.0522902  748.12661  12.4%   148 1423s
  5217  2740  761.23275   20  184  854.05229  748.12661  12.4%   147 1443s
H 5272  2736                     853.6519874  748.12661  12.4%   146 1443s
H 5366  2736                     853.6519865  748.12661  12.4%   145 1443s
  5430  2936  780.97394   71  107  853.65199  748.12661  12.4%   145 1464s
H 5606  2936                     853.6519792  748.12661  12.4%   143 1464s
H 5700  3130                     853.6519719  748.12661  12.4%   142 1486s
H 5766  3130                     853.6519543  748.12661  12.4%   141 1486s
H 5908  3130                     853.6519541  748.12661  12.4%   140 1486s
  5968  3265  803.32936  161  119  853.65195  748.12661  12.4%   139 1513s
  6165  3376  764.52445   19  110  853.65195  750.50231  12.1%   139 1545s
  6365  3527  756.30754   22  207  853.65195  750.50231  12.1%   140 1573s
  6543  3753  808.40344   91  103  853.65195  750.62604  12.1%   141 1601s
  6813  3906  841.21892   38  144  853.65195  750.95671  12.0%   139 1632s
  7014  4220  839.95510   23  700  853.65195  750.95671  12.0%   141 1662s
  7394  4388  752.32891   20  306  853.65195  751.18067  12.0%   138 1705s
  7634  4615  794.75880   46  123  853.65195  751.18067  12.0%   136 1740s
  7911  4830  816.22881  115   64  853.65195  751.18067  12.0%   136 1776s
  8235  4927  844.78385  186   80  853.65195  751.87522  11.9%   137 1800s

Cutting planes:
  Gomory: 3
  Implied bound: 1
  Clique: 2
  MIR: 5
  RLT: 5
  Relax-and-lift: 3

Explored 8433 nodes (1171357 simplex iterations) in 1800.14 seconds
Thread count was 8 (of 8 available processors)

Solution count 10: 853.652 853.652 853.652 ... 854.257

Time limit reached
Best objective 8.536519541668e+02, best bound 7.521165802062e+02, gap 11.8942%

--------------------------------------------------------------------


No feasible solution found

READY

Distance matrix:
               0       1       2       3       4       5       6       7       8       9      10      11      12      13      14      15      16      17      18      19      20      21      22      23      24      25      26      27      28      29      30      31      32      33      34      35      36      37      38      39      40      41      42      43      44      45      46      47      48      49      50      51      52      53
       0     0.0    16.1    15.1    19.0    18.1    20.1    19.6    30.8    40.3    35.4    39.1    10.0    13.0    15.1    17.7    20.0    20.6    31.6    33.5    38.1    35.4    41.2    19.3    16.6    21.5    22.4    19.2    22.8    25.0    45.2     2.0     1.0    35.0    18.0    14.1    21.5    12.8    16.6    12.2    57.0    52.2    50.3    51.1    47.4    35.4    31.0    26.5    25.5    20.6    44.2    36.1    40.3    30.8    38.1  1441.6
       1    16.1     0.0     1.0     3.6     4.5     5.7     7.6    21.9    29.1    28.5    30.4    20.0    17.8    22.0    22.0    27.2    24.6    41.2    42.8    48.3    42.5    49.4    35.2    32.3    37.4    37.9    34.0    37.6    39.8    61.0    16.0    15.1    51.0    32.0    27.2    36.5    26.7    31.4    26.5    61.4    57.1    55.5    57.6    53.0    34.8    29.1    26.4    25.5    21.1    31.4    22.8    26.2    18.4    23.0  1627.1
       2    15.1     1.0     0.0     4.5     5.0     6.4     8.1    22.4    29.7    28.8    30.9    19.2    17.2    21.4    21.5    26.6    24.2    40.6    42.2    47.6    42.1    48.9    34.2    31.3    36.4    37.0    33.1    36.7    38.9    60.0    15.0    14.1    50.0    31.0    26.2    35.5    25.7    30.4    25.5    60.9    56.6    54.9    57.0    52.4    34.5    28.9    26.0    25.1    20.6    32.0    23.4    26.9    18.9    23.9  1606.5
       3    19.0     3.6     4.5     0.0     2.2     2.2     5.0    19.0    25.6    25.7    27.3    21.5    18.4    22.7    22.0    27.6    24.4    41.7    43.2    48.8    42.4    49.4    37.7    34.7    39.8    40.3    36.1    39.6    41.8    64.1    19.1    18.0    54.0    35.4    30.7    39.8    30.1    34.7    29.8    64.7    60.5    58.8    61.1    56.4    37.7    32.0    29.5    28.7    24.4    31.4    22.8    25.6    19.0    21.9  1696.3
       4    18.1     4.5     5.0     2.2     0.0     2.0     3.2    17.5    24.8    24.0    25.9    19.7    16.4    20.6    19.8    25.5    22.2    39.6    41.0    46.7    40.2    47.2    36.3    33.4    38.5    38.8    34.5    37.9    40.2    63.3    18.4    17.1    53.0    35.1    30.5    39.3    29.7    34.2    29.4    65.9    61.6    59.9    62.0    57.4    39.2    33.5    30.9    30.0    25.6    33.6    25.1    27.8    21.2    24.0  1673.5
       5    20.1     5.7     6.4     2.2     2.0     0.0     3.2    16.8    23.4    23.5    25.1    21.5    18.0    22.2    21.2    26.9    23.4    41.0    42.4    48.1    41.4    48.4    38.3    35.4    40.4    40.8    36.4    39.8    42.1    65.3    20.4    19.1    55.0    37.0    32.3    41.2    31.6    36.1    31.3    66.9    62.7    61.0    63.3    58.6    39.9    34.2    31.8    30.9    26.6    32.6    24.2    26.6    20.6    22.7  1728.3
       6    19.6     7.6     8.1     5.0     3.2     3.2     0.0    14.3    21.9    20.9    22.8    19.6    15.7    19.7    18.4    24.2    20.5    38.3    39.6    45.3    38.4    45.5    37.1    34.1    39.1    39.3    34.7    38.1    40.3    64.6    20.2    18.7    54.2    37.2    32.6    41.1    31.8    36.1    31.4    69.0    64.7    63.0    65.0    60.5    42.4    36.7    34.0    33.1    28.7    35.8    27.3    29.7    23.8    25.6  1721.5
       7    30.8    21.9    22.4    19.0    17.5    16.8    14.3     0.0    10.2     7.0     8.6    26.2    20.9    23.2    20.0    25.1    20.1    37.0    37.7    43.5    34.5    41.3    44.4    41.5    46.1    45.7    40.4    43.2    45.1    73.4    32.0    30.0    62.6    48.8    44.8    52.0    43.6    47.2    43.0    83.2    78.9    77.2    79.1    74.6    56.6    50.9    48.3    47.4    42.9    46.1    38.3    39.3    36.0    34.5  2115.2
       8    40.3    29.1    29.7    25.6    24.8    23.4    21.9    10.2     0.0    11.2     7.1    36.4    31.0    33.4    30.1    35.0    30.0    46.1    46.6    52.2    42.7    49.2    54.6    51.7    56.3    55.9    50.6    53.3    55.2    83.5    41.3    39.4    72.8    58.3    54.1    61.7    53.0    56.8    52.5    90.1    86.0    84.4    86.7    82.0    62.6    56.8    54.9    54.1    50.0    47.0    40.3    40.0    39.3    35.0  2516.6
       9    35.4    28.5    28.8    25.7    24.0    23.5    20.9     7.0    11.2     0.0     5.0    29.2    23.9    25.1    21.5    25.5    20.6    35.4    35.7    41.2    31.6    38.1    46.6    43.9    48.1    47.4    42.1    44.4    46.1    75.8    36.8    34.7    65.0    53.2    49.5    55.8    48.1    51.2    47.4    89.4    85.0    83.2    84.9    80.6    63.2    57.6    54.8    53.9    49.2    53.0    45.3    46.1    43.0    41.2  2304.1
      10    39.1    30.4    30.9    27.3    25.9    25.1    22.8     8.6     7.1     5.0     0.0    33.5    28.2    29.7    26.2    30.4    25.5    40.3    40.6    46.1    36.4    42.7    51.3    48.5    52.8    52.2    46.8    49.2    51.0    80.4    40.4    38.3    69.6    57.0    53.2    59.9    51.9    55.2    51.2    91.8    87.5    85.8    87.7    83.2    65.0    59.2    56.8    55.9    51.5    52.2    45.0    45.3    43.3    40.3  2461.2
      11    10.0    20.0    19.2    21.5    19.7    21.5    19.6    26.2    36.4    29.2    33.5     0.0     5.4     5.4     8.6    10.0    11.2    22.4    24.2    29.2    25.5    31.6    18.2    15.3    20.1    20.0    15.1    18.4    20.6    47.1    12.0    10.0    36.4    25.0    22.4    26.9    20.6    22.7    19.7    66.7    61.8    59.9    60.4    57.0    45.3    40.8    36.3    35.4    30.4    50.9    42.4    46.1    37.5    43.0  1515.0
      12    13.0    17.8    17.2    18.4    16.4    18.0    15.7    20.9    31.0    23.9    28.2     5.4     0.0     4.2     5.0     9.4     8.0    23.4    25.0    30.5    25.1    31.8    23.5    20.6    25.3    25.1    20.0    23.1    25.2    52.5    14.9    12.6    41.8    29.7    26.6    32.0    25.0    27.6    24.2    69.9    65.1    63.2    64.1    60.4    47.0    42.1    38.0    37.0    32.0    49.2    40.6    43.9    36.1    40.4  1567.1
      13    15.1    22.0    21.4    22.7    20.6    22.2    19.7    23.2    33.4    25.1    29.7     5.4     4.2     0.0     3.6     5.4     5.8    19.2    20.8    26.2    21.2    27.7    21.5    18.8    23.1    22.6    17.3    20.0    22.0    50.7    17.1    15.0    39.9    30.2    27.7    31.8    25.9    27.8    25.1    72.0    67.2    65.3    65.8    62.4    50.1    45.4    41.1    40.1    35.1    53.4    44.8    48.1    40.2    44.6  1607.0
      14    17.7    22.0    21.5    22.0    19.8    21.2    18.4    20.0    30.1    21.5    26.2     8.6     5.0     3.6     0.0     5.8     3.0    19.8    21.2    26.9    20.6    27.5    25.1    22.4    26.6    26.0    20.6    23.2    25.1    54.2    19.6    17.5    43.5    33.6    30.9    35.4    29.2    31.2    28.3    74.7    69.9    68.0    68.7    65.1    52.0    47.1    43.0    42.0    37.0    53.3    44.7    47.6    40.3    43.9  1672.2
      15    20.0    27.2    26.6    27.6    25.5    26.9    24.2    25.1    35.0    25.5    30.4    10.0     9.4     5.4     5.8     0.0     5.0    14.1    15.6    21.2    15.8    22.4    22.2    19.8    23.3    22.4    17.0    19.0    20.6    51.0    22.0    20.0    40.3    33.5    31.6    34.4    29.7    30.9    28.8    76.5    71.6    69.6    69.9    66.7    55.2    50.6    46.3    45.3    40.3    58.6    50.0    53.2    45.5    49.5  1734.2
      16    20.6    24.6    24.2    24.4    22.2    23.4    20.5    20.1    30.0    20.6    25.5    11.2     8.0     5.8     3.0     5.0     0.0    18.0    19.2    25.0    18.0    25.0    26.4    23.9    27.7    26.9    21.5    23.8    25.5    55.5    22.6    20.4    44.7    36.1    33.5    37.5    31.8    33.6    30.9    77.6    72.8    70.9    71.5    68.0    55.0    50.1    46.0    45.0    40.0    55.8    47.2    50.0    42.9    46.1  1755.6
      17    31.6    41.2    40.6    41.7    39.6    41.0    38.3    37.0    46.1    35.4    40.3    22.4    23.4    19.2    19.8    14.1    18.0     0.0     2.0     7.1     7.1    10.0    24.4    23.5    24.2    22.4    18.7    17.9    18.0    48.8    33.5    32.0    39.1    40.3    40.0    39.3    38.0    37.3    37.0    85.1    80.2    78.2    77.6    75.2    66.7    62.6    58.0    57.0    52.2    72.6    64.0    67.3    59.4    63.6  2130.1
      18    33.5    42.8    42.2    43.2    41.0    42.4    39.6    37.7    46.6    35.7    40.6    24.2    25.0    20.8    21.2    15.6    19.2     2.0     0.0     5.8     5.8     8.0    26.2    25.5    26.0    24.2    20.6    19.7    19.7    50.2    35.4    33.8    40.6    42.3    42.0    41.2    40.0    39.3    39.0    87.1    82.2    80.2    79.6    77.2    68.7    64.6    59.9    58.9    54.1    74.2    65.6    68.8    61.0    65.1  2206.0
      19    38.1    48.3    47.6    48.8    46.7    48.1    45.3    43.5    52.2    41.2    46.1    29.2    30.5    26.2    26.9    21.2    25.0     7.1     5.8     0.0    10.0     7.1    28.2    28.0    27.5    25.5    23.0    21.2    20.6    49.2    39.9    38.5    40.3    45.0    45.3    43.3    43.3    42.0    42.3    90.0    85.0    83.0    82.2    80.0    72.8    68.9    64.2    63.2    58.5    79.6    71.1    74.3    66.4    70.7  2407.9
      20    35.4    42.5    42.1    42.4    40.2    41.4    38.4    34.5    42.7    31.6    36.4    25.5    25.1    21.2    20.6    15.8    18.0     7.1     5.8    10.0     0.0     7.1    30.9    29.7    30.9    29.2    25.1    24.7    25.0    55.9    37.3    35.5    46.1    46.1    45.3    45.5    43.3    43.2    42.3    90.6    85.6    83.6    83.4    80.6    70.7    66.3    61.8    60.8    55.9    73.8    65.2    68.0    60.9    64.0  2290.9
      21    41.2    49.4    48.9    49.4    47.2    48.4    45.5    41.3    49.2    38.1    42.7    31.6    31.8    27.7    27.5    22.4    25.0    10.0     8.0     7.1     7.1     0.0    34.0    33.4    33.5    31.6    28.4    27.2    26.9    56.2    43.2    41.5    47.2    50.2    50.0    49.0    48.0    47.3    47.0    95.1    90.1    88.1    87.6    85.1    76.5    72.3    67.7    66.7    61.8    80.7    72.1    75.0    67.7    71.1  2551.9
      22    19.3    35.2    34.2    37.7    36.3    38.3    37.1    44.4    54.6    46.6    51.3    18.2    23.5    21.5    25.1    22.2    26.4    24.4    26.2    28.2    30.9    34.0     0.0     3.0     2.2     3.6     5.8     7.0     8.2    29.2    20.1    20.2    18.4    17.3    18.8    15.1    17.0    14.3    16.1    62.1    57.1    55.1    54.0    52.1    47.9    45.2    40.2    39.4    35.5    63.0    55.1    59.5    49.7    57.4  1705.2
      23    16.6    32.3    31.3    34.7    33.4    35.4    34.1    41.5    51.7    43.9    48.5    15.3    20.6    18.8    22.4    19.8    23.9    23.5    25.5    28.0    29.7    33.4     3.0     0.0     5.1     5.8     5.0     7.6     9.4    32.0    17.5    17.5    21.2    17.0    17.7    15.8    15.8    14.0    14.9    62.0    57.0    55.0    54.2    52.0    46.5    43.6    38.6    37.7    33.6    60.5    52.5    56.8    47.2    54.6  1635.1
      24    21.5    37.4    36.4    39.8    38.5    40.4    39.1    46.1    56.3    48.1    52.8    20.1    25.3    23.1    26.6    23.3    27.7    24.2    26.0    27.5    30.9    33.5     2.2     5.1     0.0     2.0     6.4     6.3     7.0    27.7    22.4    22.5    17.0    18.7    20.6    16.0    18.9    15.8    18.0    63.2    58.2    56.2    55.0    53.2    49.7    47.2    42.2    41.4    37.5    65.2    57.3    61.7    52.0    59.6  1771.0
      25    22.4    37.9    37.0    40.3    38.8    40.8    39.3    45.7    55.9    47.4    52.2    20.0    25.1    22.6    26.0    22.4    26.9    22.4    24.2    25.5    29.2    31.6     3.6     5.8     2.0     0.0     5.4     4.5     5.0    28.7    23.3    23.3    18.0    20.6    22.4    18.0    20.6    17.7    19.7    65.2    60.2    58.2    57.0    55.2    51.5    48.8    43.8    43.0    39.1    66.3    58.3    62.6    53.0    60.4  1794.7
      26    19.2    34.0    33.1    36.1    34.5    36.4    34.7    40.4    50.6    42.1    46.8    15.1    20.0    17.3    20.6    17.0    21.5    18.7    20.6    23.0    25.1    28.4     5.8     5.0     6.4     5.4     0.0     3.6     5.8    34.0    20.5    20.0    23.3    22.0    22.6    20.6    20.6    19.0    19.6    67.0    62.0    60.0    59.2    57.0    51.1    47.9    42.9    42.1    37.7    63.4    55.2    59.4    50.0    56.8  1701.4
      27    22.8    37.6    36.7    39.6    37.9    39.8    38.1    43.2    53.3    44.4    49.2    18.4    23.1    20.0    23.2    19.0    23.8    17.9    19.7    21.2    24.7    27.2     7.0     7.6     6.3     4.5     3.6     0.0     2.2    32.4    24.1    23.6    22.0    24.2    25.3    22.1    23.4    21.2    22.5    69.1    64.1    62.1    61.0    59.1    54.1    51.1    46.1    45.3    41.0    67.0    58.8    63.0    53.6    60.4  1808.7
      28    25.0    39.8    38.9    41.8    40.2    42.1    40.3    45.1    55.2    46.1    51.0    20.6    25.2    22.0    25.1    20.6    25.5    18.0    19.7    20.6    25.0    26.9     8.2     9.4     7.0     5.0     5.8     2.2     0.0    31.4    26.2    25.8    21.2    25.5    26.9    23.0    25.1    22.6    24.2    70.2    65.2    63.2    62.0    60.2    55.9    53.0    48.0    47.2    43.0    69.2    61.0    65.2    55.8    62.6  1886.1
      29    45.2    61.0    60.0    64.1    63.3    65.3    64.6    73.4    83.5    75.8    80.4    47.1    52.5    50.7    54.2    51.0    55.5    48.8    50.2    49.2    55.9    56.2    29.2    32.0    27.7    28.7    34.0    32.4    31.4     0.0    45.0    46.2    10.8    30.6    35.5    25.3    35.2    30.1    35.1    59.2    54.9    53.3    49.7    50.8    58.8    59.0    54.6    54.2    52.5    83.2    76.7    81.6    71.4    80.8  2758.0
      30     2.0    16.0    15.0    19.1    18.4    20.4    20.2    32.0    41.3    36.8    40.4    12.0    14.9    17.1    19.6    22.0    22.6    33.5    35.4    39.9    37.3    43.2    20.1    17.5    22.4    23.3    20.5    24.1    26.2    45.0     0.0     2.2    35.1    17.0    12.8    20.9    11.7    15.8    11.2    55.1    50.3    48.4    49.2    45.5    33.4    29.1    24.5    23.5    18.7    43.0    35.0    39.4    29.7    37.3  1447.3
      31     1.0    15.1    14.1    18.0    17.1    19.1    18.7    30.0    39.4    34.7    38.3    10.0    12.6    15.0    17.5    20.0    20.4    32.0    33.8    38.5    35.5    41.5    20.2    17.5    22.5    23.3    20.0    23.6    25.8    46.2     2.2     0.0    36.0    18.9    14.9    22.5    13.6    17.5    13.0    57.3    52.5    50.6    51.5    47.8    35.2    30.8    26.3    25.3    20.4    43.4    35.2    39.4    30.0    37.2  1442.9
      32    35.0    51.0    50.0    54.0    53.0    55.0    54.2    62.6    72.8    65.0    69.6    36.4    41.8    39.9    43.5    40.3    44.7    39.1    40.6    40.3    46.1    47.2    18.4    21.2    17.0    18.0    23.3    22.0    21.2    10.8    35.1    36.0     0.0    22.4    26.9    17.0    26.2    21.2    26.0    58.5    53.9    52.0    49.3    49.2    53.2    52.4    47.7    47.2    44.7    75.0    68.0    72.8    62.6    71.6  2303.2
      33    18.0    32.0    31.0    35.4    35.1    37.0    37.2    48.8    58.3    53.2    57.0    25.0    29.7    30.2    33.6    33.5    36.1    40.3    42.3    45.0    46.1    50.2    17.3    17.0    18.7    20.6    22.0    24.2    25.5    30.6    17.0    18.9    22.4     0.0     5.0     5.4     5.4     3.0     5.8    45.0    40.0    38.0    37.3    35.0    32.0    30.5    25.6    25.0    22.4    52.8    46.1    51.0    40.8    50.2  1685.6
      34    14.1    27.2    26.2    30.7    30.5    32.3    32.6    44.8    54.1    49.5    53.2    22.4    26.6    27.7    30.9    31.6    33.5    40.0    42.0    45.3    45.3    50.0    18.8    17.7    20.6    22.4    22.6    25.3    26.9    35.5    12.8    14.9    26.9     5.0     0.0    10.2     2.0     5.8     3.0    45.3    40.3    38.3    38.3    35.4    29.2    26.9    21.9    21.2    18.0    48.1    41.2    46.1    35.9    45.3  1592.4
      35    21.5    36.5    35.5    39.8    39.3    41.2    41.1    52.0    61.7    55.8    59.9    26.9    32.0    31.8    35.4    34.4    37.5    39.3    41.2    43.3    45.5    49.0    15.1    15.8    16.0    18.0    20.6    22.1    23.0    25.3    20.9    22.5    17.0     5.4    10.2     0.0    10.0     5.1    10.0    47.3    42.3    40.3    39.0    37.3    36.8    35.6    30.8    30.2    27.7    58.2    51.4    56.3    46.1    55.4  1792.7
      36    12.8    26.7    25.7    30.1    29.7    31.6    31.8    43.6    53.0    48.1    51.9    20.6    25.0    25.9    29.2    29.7    31.8    38.0    40.0    43.3    43.3    48.0    17.0    15.8    18.9    20.6    20.6    23.4    25.1    35.2    11.7    13.6    26.2     5.4     2.0    10.0     0.0     5.1     1.0    47.3    42.3    40.3    40.3    37.3    30.9    28.4    23.4    22.7    19.2    48.8    41.8    46.6    36.4    45.5  1562.6
      37    16.6    31.4    30.4    34.7    34.2    36.1    36.1    47.2    56.8    51.2    55.2    22.7    27.6    27.8    31.2    30.9    33.6    37.3    39.3    42.0    43.2    47.3    14.3    14.0    15.8    17.7    19.0    21.2    22.6    30.1    15.8    17.5    21.2     3.0     5.8     5.1     5.1     0.0     5.0    48.0    43.0    41.0    40.3    38.0    34.4    32.5    27.6    26.9    23.9    53.9    46.8    51.7    41.5    50.6  1646.1
      38    12.2    26.5    25.5    29.8    29.4    31.3    31.4    43.0    52.5    47.4    51.2    19.7    24.2    25.1    28.3    28.8    30.9    37.0    39.0    42.3    42.3    47.0    16.1    14.9    18.0    19.7    19.6    22.5    24.2    35.1    11.2    13.0    26.0     5.8     3.0    10.0     1.0     5.0     0.0    48.3    43.3    41.3    41.2    38.3    31.8    29.2    24.2    23.4    19.8    49.2    42.1    46.8    36.7    45.7  1551.5
      39    57.0    61.4    60.9    64.7    65.9    66.9    69.0    83.2    90.1    89.4    91.8    66.7    69.9    72.0    74.7    76.5    77.6    85.1    87.1    90.0    90.6    95.1    62.1    62.0    63.2    65.2    67.0    69.1    70.2    59.2    55.1    57.3    58.5    45.0    45.3    47.3    47.3    48.0    48.3     0.0     5.0     7.0     9.4    10.0    28.3    34.0    35.2    36.1    40.3    57.3    57.0    61.0    54.5    64.0  3154.7
      40    52.2    57.1    56.6    60.5    61.6    62.7    64.7    78.9    86.0    85.0    87.5    61.8    65.1    67.2    69.9    71.6    72.8    80.2    82.2    85.0    85.6    90.1    57.1    57.0    58.2    60.2    62.0    64.1    65.2    54.9    50.3    52.5    53.9    40.0    40.3    42.3    42.3    43.0    43.3     5.0     0.0     2.0     5.8     5.0    25.0    30.5    31.2    32.0    36.1    55.0    54.1    58.3    51.2    61.0  2923.1
      41    50.3    55.5    54.9    58.8    59.9    61.0    63.0    77.2    84.4    83.2    85.8    59.9    63.2    65.3    68.0    69.6    70.9    78.2    80.2    83.0    83.6    88.1    55.1    55.0    56.2    58.2    60.0    62.1    63.2    53.3    48.4    50.6    52.0    38.0    38.3    40.3    40.3    41.0    41.3     7.0     2.0     0.0     5.1     3.0    23.9    29.2    29.7    30.5    34.4    54.2    53.0    57.3    50.0    59.9  2836.5
      42    51.1    57.6    57.0    61.1    62.0    63.3    65.0    79.1    86.7    84.9    87.7    60.4    64.1    65.8    68.7    69.9    71.5    77.6    79.6    82.2    83.4    87.6    54.0    54.2    55.0    57.0    59.2    61.0    62.0    49.7    49.2    51.5    49.3    37.3    38.3    39.0    40.3    40.3    41.2     9.4     5.8     5.1     0.0     5.4    27.7    32.8    32.6    33.3    36.8    58.5    56.8    61.3    53.5    63.6  2887.7
      43    47.4    53.0    52.4    56.4    57.4    58.6    60.5    74.6    82.0    80.6    83.2    57.0    60.4    62.4    65.1    66.7    68.0    75.2    77.2    80.0    80.6    85.1    52.1    52.0    53.2    55.2    57.0    59.1    60.2    50.8    45.5    47.8    49.2    35.0    35.4    37.3    37.3    38.0    38.3    10.0     5.0     3.0     5.4     0.0    22.4    27.5    27.6    28.3    32.0    53.1    51.5    55.9    48.3    58.3  2715.7
      44    35.4    34.8    34.5    37.7    39.2    39.9    42.4    56.6    62.6    63.2    65.0    45.3    47.0    50.1    52.0    55.2    55.0    66.7    68.7    72.8    70.7    76.5    47.9    46.5    49.7    51.5    51.1    54.1    55.9    58.8    33.4    35.2    53.2    32.0    29.2    36.8    30.9    34.4    31.8    28.3    25.0    23.9    27.7    22.4     0.0     5.8     9.0    10.0    15.0    31.0    29.2    33.5    26.2    36.1  2226.8
      45    31.0    29.1    28.9    32.0    33.5    34.2    36.7    50.9    56.8    57.6    59.2    40.8    42.1    45.4    47.1    50.6    50.1    62.6    64.6    68.9    66.3    72.3    45.2    43.6    47.2    48.8    47.9    51.1    53.0    59.0    29.1    30.8    52.4    30.5    26.9    35.6    28.4    32.5    29.2    34.0    30.5    29.2    32.8    27.5     5.8     0.0     5.0     5.8    10.4    27.2    24.2    28.8    20.8    30.9  2064.9
      46    26.5    26.4    26.0    29.5    30.9    31.8    34.0    48.3    54.9    54.8    56.8    36.3    38.0    41.1    43.0    46.3    46.0    58.0    59.9    64.2    61.8    67.7    40.2    38.6    42.2    43.8    42.9    46.1    48.0    54.6    24.5    26.3    47.7    25.6    21.9    30.8    23.4    27.6    24.2    35.2    31.2    29.7    32.6    27.6     9.0     5.0     0.0     1.0     6.0    30.0    25.7    30.6    21.5    32.0  1908.1
      47    25.5    25.5    25.1    28.7    30.0    30.9    33.1    47.4    54.1    53.9    55.9    35.4    37.0    40.1    42.0    45.3    45.0    57.0    58.9    63.2    60.8    66.7    39.4    37.7    41.4    43.0    42.1    45.3    47.2    54.2    23.5    25.3    47.2    25.0    21.2    30.2    22.7    26.9    23.4    36.1    32.0    30.5    33.3    28.3    10.0     5.8     1.0     0.0     5.0    30.1    25.5    30.4    21.2    31.6  1877.9
      48    20.6    21.1    20.6    24.4    25.6    26.6    28.7    42.9    50.0    49.2    51.5    30.4    32.0    35.1    37.0    40.3    40.0    52.2    54.1    58.5    55.9    61.8    35.5    33.6    37.5    39.1    37.7    41.0    43.0    52.5    18.7    20.4    44.7    22.4    18.0    27.7    19.2    23.9    19.8    40.3    36.1    34.4    36.8    32.0    15.0    10.4     6.0     5.0     0.0    30.8    25.0    30.0    20.1    30.4  1745.8
      49    44.2    31.4    32.0    31.4    33.6    32.6    35.8    46.1    47.0    53.0    52.2    50.9    49.2    53.4    53.3    58.6    55.8    72.6    74.2    79.6    73.8    80.7    63.0    60.5    65.2    66.3    63.4    67.0    69.2    83.2    43.0    43.4    75.0    52.8    48.1    58.2    48.8    53.9    49.2    57.3    55.0    54.2    58.5    53.1    31.0    27.2    30.0    30.1    30.8     0.0     8.6     7.0    13.5    12.0  2620.1
      50    36.1    22.8    23.4    22.8    25.1    24.2    27.3    38.3    40.3    45.3    45.0    42.4    40.6    44.8    44.7    50.0    47.2    64.0    65.6    71.1    65.2    72.1    55.1    52.5    57.3    58.3    55.2    58.8    61.0    76.7    35.0    35.2    68.0    46.1    41.2    51.4    41.8    46.8    42.1    57.0    54.1    53.0    56.8    51.5    29.2    24.2    25.7    25.5    25.0     8.6     0.0     5.0     5.4     7.1  2268.8
      51    40.3    26.2    26.9    25.6    27.8    26.6    29.7    39.3    40.0    46.1    45.3    46.1    43.9    48.1    47.6    53.2    50.0    67.3    68.8    74.3    68.0    75.0    59.5    56.8    61.7    62.6    59.4    63.0    65.2    81.6    39.4    39.4    72.8    51.0    46.1    56.3    46.6    51.7    46.8    61.0    58.3    57.3    61.3    55.9    33.5    28.8    30.6    30.4    30.0     7.0     5.0     0.0    10.2     5.0  2450.2
      52    30.8    18.4    18.9    19.0    21.2    20.6    23.8    36.0    39.3    43.0    43.3    37.5    36.1    40.2    40.3    45.5    42.9    59.4    61.0    66.4    60.9    67.7    49.7    47.2    52.0    53.0    50.0    53.6    55.8    71.4    29.7    30.0    62.6    40.8    35.9    46.1    36.4    41.5    36.7    54.5    51.2    50.0    53.5    48.3    26.2    20.8    21.5    21.2    20.1    13.5     5.4    10.2     0.0    10.4  2071.4
      53    38.1    23.0    23.9    21.9    24.0    22.7    25.6    34.5    35.0    41.2    40.3    43.0    40.4    44.6    43.9    49.5    46.1    63.6    65.1    70.7    64.0    71.1    57.4    54.6    59.6    60.4    56.8    60.4    62.6    80.8    37.3    37.2    71.6    50.2    45.3    55.4    45.5    50.6    45.7    64.0    61.0    59.9    63.6    58.3    36.1    30.9    32.0    31.6    30.4    12.0     7.1     5.0    10.4     0.0  2366.2
          1441.6  1627.1  1606.5  1696.3  1673.5  1728.3  1721.5  2115.2  2516.6  2304.1  2461.2  1515.0  1567.1  1607.0  1672.2  1734.2  1755.6  2130.1  2206.0  2407.9  2290.9  2551.9  1705.2  1635.1  1771.0  1794.7  1701.4  1808.7  1886.1  2758.0  1447.3  1442.9  2303.2  1685.6  1592.4  1792.7  1562.6  1646.1  1551.5  3154.7  2923.1  2836.5  2887.7  2715.7  2226.8  2064.9  1908.1  1877.9  1745.8  2620.1  2268.8  2450.2  2071.4  2366.2

Route matrix:
               0       1       2       3       4       5       6       7       8       9      10      11      12      13      14      15      16      17      18      19      20      21      22      23      24      25      26      27      28      29      30      31      32      33      34      35      36      37      38      39      40      41      42      43      44      45      46      47      48      49      50      51      52      53
       0     0.0     0.0     1.0     0.0     0.0     0.0     0.0     1.0     0.0     0.0     0.0     1.0     0.0     1.0     0.0     0.0     0.0     1.0     0.0     0.0     0.0     0.0     0.0     1.0     0.0     0.0     0.0     0.0     0.0     0.0     0.0     1.0     1.0     0.0     0.0     0.0     1.0     0.0     1.0     0.0     0.0     0.0     0.0     1.0     0.0     0.0     0.0     0.0     1.0     0.0     0.0     0.0     1.0     0.0    13.0
       1     0.0     0.0     0.0     0.0     0.0     0.0     0.0     0.0     0.0     0.0     0.0     0.0     0.0     0.0     0.0     0.0     0.0     0.0     0.0     0.0     0.0     0.0     0.0     0.0     0.0     0.0     0.0     0.0     0.0     0.0     1.0     0.0     0.0     0.0     0.0     0.0     0.0     0.0     0.0     0.0     0.0     0.0     0.0     0.0     0.0     0.0     0.0     0.0     0.0     0.0     0.0     0.0     0.0     0.0     1.0
       2     0.0     1.0     0.0     0.0     0.0     0.0     0.0     0.0     0.0     0.0     0.0     0.0     0.0     0.0     0.0     0.0     0.0     0.0     0.0     0.0     0.0     0.0     0.0     0.0     0.0     0.0     0.0     0.0     0.0     0.0     0.0     0.0     0.0     0.0     0.0     0.0     0.0     0.0     0.0     0.0     0.0     0.0     0.0     0.0     0.0     0.0     0.0     0.0     0.0     0.0     0.0     0.0     0.0     0.0     1.0
