     0     0  803.43302    0  176  900.91025  803.43302  10.8%     -   11s
     0     0  803.79425    0  184  900.91025  803.79425  10.8%     -   11s
H    0     0                     900.9020239  803.79425  10.8%     -   11s
     0     0  803.80612    0  184  900.90202  803.80612  10.8%     -   11s
     0     0  804.02876    0  190  900.90202  804.02876  10.8%     -   11s
     0     0  804.04318    0  195  900.90202  804.04318  10.8%     -   12s
     0     0  804.04318    0  194  900.90202  804.04318  10.8%     -   12s
     0     0  804.11848    0  195  900.90202  804.11848  10.7%     -   12s
H    0     0                     900.7692780  804.11848  10.7%     -   12s
     0     0  804.16871    0  200  900.76928  804.16871  10.7%     -   12s
     0     0  804.16939    0  200  900.76928  804.16939  10.7%     -   12s
     0     0  804.18237    0  209  900.76928  804.18237  10.7%     -   12s
     0     0  804.19823    0  198  900.76928  804.19823  10.7%     -   12s
     0     0  804.19823    0  198  900.76928  804.19823  10.7%     -   14s
H    0     0                     897.9492574  806.55044  10.2%     -   14s
H    0     2                     897.4853519  806.55044  10.1%     -   15s
     0     2  806.55044    0  198  897.48535  806.55044  10.1%     -   15s
H   28    33                     882.6297979  808.58049  8.39%   222   18s
    80    86  833.20330   16  140  882.62980  808.58049  8.39%   170   20s
H  115   115                     882.2294908  808.58049  8.35%   153   20s
   348   333  863.80381   66   65  882.22949  808.58049  8.35%  92.4   25s
H  430   379                     881.5653780  809.64490  8.16%  88.0   26s
   770   630  819.83774    7  129  881.56538  815.30758  7.52%  80.2   30s
  1037   811  861.97230   38  108  881.56538  819.13597  7.08%  82.0   36s
  1047   818  865.30570   56  185  881.56538  821.68255  6.79%  81.2   40s
  1065   830  858.51402   18  231  881.56538  831.72279  5.65%  79.8   45s
  1083   843  843.44897   39  108  881.56538  834.76242  5.31%  84.8   50s
  1104   857  837.79902    4  286  881.56538  834.76242  5.31%  83.2   55s
  1109   865  841.16696   27  232  881.56538  836.01052  5.17%  87.6   61s
  1192   922  855.83297   37  184  881.56538  837.92484  4.95%  97.1   65s
H 1233   881                     880.8811011  837.92484  4.88%   100   65s
H 1462   898                     880.8728706  837.92575  4.88%   108   69s
  1466   911  840.99158   31  227  880.87287  837.92575  4.88%   108   70s
H 1703   973                     880.4740445  837.92575  4.83%   111   73s
  1874  1009  865.83937   55  147  880.47404  838.29367  4.79%   111   75s
  2154  1093  854.96222   71  242  880.47404  839.59520  4.64%   109   80s
H 2161  1051                     880.2923932  839.59520  4.62%   109   80s
H 2509  1120                     877.4723726  842.61619  3.97%   108   84s
  2540  1166  861.10921   73  200  877.47237  842.72563  3.96%   109   85s
H 3179  1376                     877.4723721  843.45336  3.88%   106   90s
  3666  1773  859.74640   70  190  877.47237  844.92968  3.71%   104   95s
  4105  1970  868.54198   62  194  877.47237  845.75891  3.61%   102  100s
  4554  2209  877.26166   59  133  877.47237  846.54443  3.52%   104  106s
  5084  2529     cutoff   69       877.47237  847.12087  3.46%   104  111s
  5759  2981  872.55759   46  145  877.47237  848.11376  3.35%   103  116s
  6247  3254  859.28485   49  203  877.47237  848.51352  3.30%   101  123s
  6473  3420  867.76046   37  194  877.47237  848.63377  3.29%   101  126s
H 6546  3263                     875.2925629  848.63377  3.05%   101  126s
  7028  3490  865.09913   47  184  875.29256  849.12461  2.99%   101  131s
  7556  3827  866.51322   59  106  875.29256  849.76513  2.92%   100  135s
  8187  4147  864.61688   48  147  875.29256  850.38060  2.85%   100  140s
H 8620  4287                     875.2925597  850.55699  2.83%   100  144s
  8732  4430     cutoff   38       875.29256  850.78131  2.80%   100  147s
H 8810  4430                     875.2925581  850.83403  2.79%   100  147s
H 8888  4430                     875.2925476  850.83403  2.79%   100  147s
  9014  4649  865.64639   93  178  875.29255  851.34804  2.74%   100  150s
  9779  4970  868.35002   46  214  875.29255  851.91308  2.67%  99.4  158s
 10049  5189  868.83664   51  214  875.29255  852.32175  2.62%  99.4  161s
 10388  5405  865.01508   42  144  875.29255  852.58066  2.59%  99.3  168s
 10877  5598  874.38679   43  135  875.29255  853.02947  2.54%   100  171s
 11766  5941  872.67453   49  223  875.29255  853.74413  2.46%   100  177s
 12191  6163     cutoff   90       875.29255  853.93367  2.44%   100  180s
 12990  6447  874.61933   65  160  875.29255  854.75724  2.35%   100  185s
 13649  6766  865.78775   35  154  875.29255  855.13591  2.30%   100  191s
 14474  7088  858.30735   46  166  875.29255  855.70085  2.24%   100  197s
 15320  7404  863.73613   38  164  875.29255  856.18900  2.18%   100  203s
 15719  7541  865.75020   49  161  875.29255  856.40402  2.16%   100  206s
 16600  7854  867.88354   70   96  875.29255  856.84046  2.11%   100  211s
H17185  7956                     875.2925469  856.95272  2.10%   100  213s
 17499  8099  859.70672   50  204  875.29255  857.23841  2.06%   100  216s
 18426  8411  860.90717   50  163  875.29255  857.92506  1.98%   100  221s
 19223  8739     cutoff   47       875.29255  858.33746  1.94%   100  226s
 20226  9002  862.56430   41  178  875.29255  858.80148  1.88%  99.3  230s
 20976  9265  872.03737   58  219  875.29255  859.24398  1.83%  99.3  278s
 21531  9394     cutoff   81       875.29255  859.50277  1.80%  99.3  281s
 22428  9824  868.43484   50  164  875.29255  859.83395  1.77%  98.8  286s
H23202  9982                     875.2925368  859.96615  1.75%  98.4  288s
 23309 10088     cutoff   76       875.29254  860.06752  1.74%  98.3  290s
 24171 10302  865.93929   47  196  875.29254  860.50091  1.69%  98.1  295s
 25518 10663  865.74829   53  166  875.29254  860.92578  1.64%  97.7  302s
H26343 10938                     875.2925366  861.22309  1.61%  97.5  309s
 26788 11057     cutoff   34       875.29254  861.43042  1.58%  97.3  312s
 27507 11145  868.03704   54  138  875.29254  861.68698  1.55%  97.4  317s
 27805 11327     cutoff   60       875.29254  861.81041  1.54%  97.6  320s
 28315 11488 infeasible   68       875.29254  861.90864  1.53%  97.2  325s
H29116 11685                     875.2925327  862.03412  1.51%  96.9  330s
 29970 11988     cutoff   57       875.29253  862.26584  1.49%  96.5  335s
 30790 12175  865.24259   49  170  875.29253  862.44361  1.47%  96.1  340s
 31257 12420  871.76258   47  176  875.29253  862.58119  1.45%  96.1  345s
 32783 12787     cutoff   53       875.29253  862.92524  1.41%  95.4  350s
 34038 13048     cutoff   65       875.29253  863.21611  1.38%  95.1  356s
 35268 13199     cutoff   40       875.29253  863.49586  1.35%  94.8  361s
 36499 13466  873.14036   77  174  875.29253  863.80888  1.31%  94.7  366s
 37334 13492     cutoff   50       875.29253  864.03057  1.29%  94.7  372s
 38149 13716  869.61723   56  151  875.29253  864.15598  1.27%  94.1  375s
 39494 13907     cutoff   51       875.29253  864.45484  1.24%  93.9  381s
 40577 14044     cutoff   46       875.29253  864.64206  1.22%  93.5  386s
 41593 14194  874.80088   54  127  875.29253  864.85618  1.19%  93.2  392s
 42272 14373  871.84896   57  129  875.29253  865.02773  1.17%  93.0  396s
 43377 14568  871.24386   69  168  875.29253  865.18682  1.15%  92.5  400s
 44885 14673  874.71650   57   72  875.29253  865.46270  1.12%  92.0  405s
 46415 14920  871.10611   52  118  875.29253  865.71780  1.09%  91.5  411s
 47233 14950  867.76884   54  143  875.29253  865.87588  1.08%  91.4  416s
 48259 15099  871.86222   44  169  875.29253  866.05373  1.06%  91.1  422s
 49258 15141  869.77235   47  172  875.29253  866.20763  1.04%  90.8  426s
 50350 15222     cutoff   45       875.29253  866.37325  1.02%  90.4  431s
 51453 15219  871.06602   84  212  875.29253  866.53786  1.00%  90.0  435s
 52996 15324  874.32218   56   99  875.29253  866.76880  0.97%  89.6  443s
 53708 15300     cutoff   83       875.29253  866.87623  0.96%  89.4  446s
 54726 15325  871.01513   58   95  875.29253  867.04156  0.94%  89.1  450s
 55707 15368  871.32366   70  178  875.29253  867.20421  0.92%  88.8  455s
 56798 15375     cutoff   86       875.29253  867.37599  0.90%  88.4  461s
 57860 15395  871.86379   60  101  875.29253  867.50764  0.89%  88.1  465s
 58885 15413     cutoff   56       875.29253  867.65008  0.87%  87.8  470s
 60520 15422  870.54106   61  228  875.29253  867.86825  0.85%  87.2  476s
 61469 15408     cutoff   59       875.29253  868.00540  0.83%  87.0  481s
 62630 15476  869.82654   61  168  875.29253  868.13204  0.82%  86.6  487s
 63230 15535  871.13952   54  137  875.29253  868.19418  0.81%  86.3  493s
 64088 15569  872.16697   48  121  875.29253  868.27534  0.80%  85.9  495s
 65686 15402  872.29748   73   62  875.29253  868.48129  0.78%  85.4  502s
 66832 15380     cutoff   70       875.29253  868.63263  0.76%  85.1  506s
 68013 15261  870.98639   56   75  875.29253  868.72562  0.75%  84.7  510s
 69789 15187     cutoff   45       875.29253  868.93984  0.73%  84.2  516s
 71071 15137  872.32881   62  168  875.29253  869.05561  0.71%  83.7  521s
 72263 15099     cutoff   50       875.29253  869.18665  0.70%  83.4  527s
 72909 14994     cutoff   48       875.29253  869.25523  0.69%  83.2  531s
 73469 14908     cutoff   56       875.29253  869.31460  0.68%  83.0  535s
 74694 14745     cutoff   78       875.29253  869.48758  0.66%  82.7  545s
 76212 14447  874.28113   94   58  875.29253  869.67411  0.64%  82.2  553s
 76980 14329  874.76308   83  101  875.29253  869.76218  0.63%  81.9  556s
 77746 14157  874.38073   46  151  875.29253  869.84078  0.62%  81.7  560s
 78394 14004     cutoff   65       875.29253  869.90164  0.62%  81.5  565s
 78995 13966     cutoff   59       875.29253  869.99216  0.61%  81.4  570s
 80610 13417     cutoff   58       875.29253  870.16618  0.59%  80.9  576s
 82240 13091  873.47761   60  103  875.29253  870.32903  0.57%  80.3  581s
 83806 12796  872.11910   52  133  875.29253  870.48927  0.55%  79.8  585s
 86120 12182  874.38361   76  134  875.29253  870.74376  0.52%  79.1  591s
 87701 11818     cutoff   64       875.29253  870.90686  0.50%  78.6  595s
 89898 11024     cutoff   53       875.29253  871.15562  0.47%  77.9  602s
 91531 10424  872.65007   56  141  875.29253  871.32747  0.45%  77.4  606s
 93099  9947  873.69968   79  102  875.29253  871.50828  0.43%  76.9  610s
 94170  9444  874.82214   66  140  875.29253  871.62889  0.42%  76.5  615s
 95795  8805     cutoff   49       875.29253  871.83010  0.40%  76.0  620s
 97539  8087  874.47217   71  124  875.29253  872.01696  0.37%  75.4  625s
 100211  6956     cutoff   60       875.29253  872.32263  0.34%  74.4  631s
 101898  6131     cutoff   61       875.29253  872.53215  0.32%  73.8  636s
 103699  5263  874.29767   89  146  875.29253  872.74880  0.29%  73.2  640s
 105394  4418     cutoff   92       875.29253  872.97001  0.27%  72.5  645s
 107174  3442  874.93176   62   13  875.29253  873.23305  0.24%  71.9  651s
 108927  2423  875.06367   37  154  875.29253  873.49500  0.21%  71.2  656s
 111543   748     cutoff   56       875.29253  874.09606  0.14%  70.1  660s

Cutting planes:
  Gomory: 48
  Lift-and-project: 35
  Cover: 13
  Implied bound: 66
  Projected implied bound: 13
  Clique: 1
  MIR: 173
  StrongCG: 2
  Flow cover: 234
  Inf proof: 1
  Zero half: 7
  RLT: 4
  Relax-and-lift: 5

Explored 113347 nodes (7854437 simplex iterations) in 662.90 seconds (703.26 work units)
Thread count was 8 (of 8 available processors)

Solution count 10: 875.293 875.293 875.293 ... 882.229

Optimal solution found (tolerance 0.00e+00)
Best objective 8.752925629298e+02, best bound 8.752925629298e+02, gap 0.0000%

--------------------------------------------------------------------

Optimal solution:     875.29 cost units

Distance traveled:
875.2925629297522

READY

Distance matrix:
               0       1       2       3       4       5       6       7       8       9      10      11      12      13      14      15      16      17      18      19      20      21      22      23      24      25      26      27      28      29      30      31      32      33      34      35      36      37      38      39      40      41      42      43      44      45      46      47      48      49      50      51      52      53
       0     0.0    16.1    15.1    19.0    18.1    20.1    19.6    30.8    40.3    35.4    39.1    10.0    13.0    15.1    17.7    20.0    20.6    31.6    33.5    38.1    35.4    41.2    19.3    16.6    21.5    22.4    19.2    22.8    25.0    45.2     2.0     1.0    35.0    18.0    14.1    21.5    12.8    16.6    12.2    57.0    52.2    50.3    51.1    47.4    35.4    31.0    26.5    25.5    20.6    44.2    36.1    40.3    30.8    38.1  1441.6
       1    16.1     0.0     1.0     3.6     4.5     5.7     7.6    21.9    29.1    28.5    30.4    20.0    17.8    22.0    22.0    27.2    24.6    41.2    42.8    48.3    42.5    49.4    35.2    32.3    37.4    37.9    34.0    37.6    39.8    61.0    16.0    15.1    51.0    32.0    27.2    36.5    26.7    31.4    26.5    61.4    57.1    55.5    57.6    53.0    34.8    29.1    26.4    25.5    21.1    31.4    22.8    26.2    18.4    23.0  1627.1
       2    15.1     1.0     0.0     4.5     5.0     6.4     8.1    22.4    29.7    28.8    30.9    19.2    17.2    21.4    21.5    26.6    24.2    40.6    42.2    47.6    42.1    48.9    34.2    31.3    36.4    37.0    33.1    36.7    38.9    60.0    15.0    14.1    50.0    31.0    26.2    35.5    25.7    30.4    25.5    60.9    56.6    54.9    57.0    52.4    34.5    28.9    26.0    25.1    20.6    32.0    23.4    26.9    18.9    23.9  1606.5
       3    19.0     3.6     4.5     0.0     2.2     2.2     5.0    19.0    25.6    25.7    27.3    21.5    18.4    22.7    22.0    27.6    24.4    41.7    43.2    48.8    42.4    49.4    37.7    34.7    39.8    40.3    36.1    39.6    41.8    64.1    19.1    18.0    54.0    35.4    30.7    39.8    30.1    34.7    29.8    64.7    60.5    58.8    61.1    56.4    37.7    32.0    29.5    28.7    24.4    31.4    22.8    25.6    19.0    21.9  1696.3
       4    18.1     4.5     5.0     2.2     0.0     2.0     3.2    17.5    24.8    24.0    25.9    19.7    16.4    20.6    19.8    25.5    22.2    39.6    41.0    46.7    40.2    47.2    36.3    33.4    38.5    38.8    34.5    37.9    40.2    63.3    18.4    17.1    53.0    35.1    30.5    39.3    29.7    34.2    29.4    65.9    61.6    59.9    62.0    57.4    39.2    33.5    30.9    30.0    25.6    33.6    25.1    27.8    21.2    24.0  1673.5
       5    20.1     5.7     6.4     2.2     2.0     0.0     3.2    16.8    23.4    23.5    25.1    21.5    18.0    22.2    21.2    26.9    23.4    41.0    42.4    48.1    41.4    48.4    38.3    35.4    40.4    40.8    36.4    39.8    42.1    65.3    20.4    19.1    55.0    37.0    32.3    41.2    31.6    36.1    31.3    66.9    62.7    61.0    63.3    58.6    39.9    34.2    31.8    30.9    26.6    32.6    24.2    26.6    20.6    22.7  1728.3
       6    19.6     7.6     8.1     5.0     3.2     3.2     0.0    14.3    21.9    20.9    22.8    19.6    15.7    19.7    18.4    24.2    20.5    38.3    39.6    45.3    38.4    45.5    37.1    34.1    39.1    39.3    34.7    38.1    40.3    64.6    20.2    18.7    54.2    37.2    32.6    41.1    31.8    36.1    31.4    69.0    64.7    63.0    65.0    60.5    42.4    36.7    34.0    33.1    28.7    35.8    27.3    29.7    23.8    25.6  1721.5
       7    30.8    21.9    22.4    19.0    17.5    16.8    14.3     0.0    10.2     7.0     8.6    26.2    20.9    23.2    20.0    25.1    20.1    37.0    37.7    43.5    34.5    41.3    44.4    41.5    46.1    45.7    40.4    43.2    45.1    73.4    32.0    30.0    62.6    48.8    44.8    52.0    43.6    47.2    43.0    83.2    78.9    77.2    79.1    74.6    56.6    50.9    48.3    47.4    42.9    46.1    38.3    39.3    36.0    34.5  2115.2
       8    40.3    29.1    29.7    25.6    24.8    23.4    21.9    10.2     0.0    11.2     7.1    36.4    31.0    33.4    30.1    35.0    30.0    46.1    46.6    52.2    42.7    49.2    54.6    51.7    56.3    55.9    50.6    53.3    55.2    83.5    41.3    39.4    72.8    58.3    54.1    61.7    53.0    56.8    52.5    90.1    86.0    84.4    86.7    82.0    62.6    56.8    54.9    54.1    50.0    47.0    40.3    40.0    39.3    35.0  2516.6
       9    35.4    28.5    28.8    25.7    24.0    23.5    20.9     7.0    11.2     0.0     5.0    29.2    23.9    25.1    21.5    25.5    20.6    35.4    35.7    41.2    31.6    38.1    46.6    43.9    48.1    47.4    42.1    44.4    46.1    75.8    36.8    34.7    65.0    53.2    49.5    55.8    48.1    51.2    47.4    89.4    85.0    83.2    84.9    80.6    63.2    57.6    54.8    53.9    49.2    53.0    45.3    46.1    43.0    41.2  2304.1
      10    39.1    30.4    30.9    27.3    25.9    25.1    22.8     8.6     7.1     5.0     0.0    33.5    28.2    29.7    26.2    30.4    25.5    40.3    40.6    46.1    36.4    42.7    51.3    48.5    52.8    52.2    46.8    49.2    51.0    80.4    40.4    38.3    69.6    57.0    53.2    59.9    51.9    55.2    51.2    91.8    87.5    85.8    87.7    83.2    65.0    59.2    56.8    55.9    51.5    52.2    45.0    45.3    43.3    40.3  2461.2
      11    10.0    20.0    19.2    21.5    19.7    21.5    19.6    26.2    36.4    29.2    33.5     0.0     5.4     5.4     8.6    10.0    11.2    22.4    24.2    29.2    25.5    31.6    18.2    15.3    20.1    20.0    15.1    18.4    20.6    47.1    12.0    10.0    36.4    25.0    22.4    26.9    20.6    22.7    19.7    66.7    61.8    59.9    60.4    57.0    45.3    40.8    36.3    35.4    30.4    50.9    42.4    46.1    37.5    43.0  1515.0
      12    13.0    17.8    17.2    18.4    16.4    18.0    15.7    20.9    31.0    23.9    28.2     5.4     0.0     4.2     5.0     9.4     8.0    23.4    25.0    30.5    25.1    31.8    23.5    20.6    25.3    25.1    20.0    23.1    25.2    52.5    14.9    12.6    41.8    29.7    26.6    32.0    25.0    27.6    24.2    69.9    65.1    63.2    64.1    60.4    47.0    42.1    38.0    37.0    32.0    49.2    40.6    43.9    36.1    40.4  1567.1
      13    15.1    22.0    21.4    22.7    20.6    22.2    19.7    23.2    33.4    25.1    29.7     5.4     4.2     0.0     3.6     5.4     5.8    19.2    20.8    26.2    21.2    27.7    21.5    18.8    23.1    22.6    17.3    20.0    22.0    50.7    17.1    15.0    39.9    30.2    27.7    31.8    25.9    27.8    25.1    72.0    67.2    65.3    65.8    62.4    50.1    45.4    41.1    40.1    35.1    53.4    44.8    48.1    40.2    44.6  1607.0
      14    17.7    22.0    21.5    22.0    19.8    21.2    18.4    20.0    30.1    21.5    26.2     8.6     5.0     3.6     0.0     5.8     3.0    19.8    21.2    26.9    20.6    27.5    25.1    22.4    26.6    26.0    20.6    23.2    25.1    54.2    19.6    17.5    43.5    33.6    30.9    35.4    29.2    31.2    28.3    74.7    69.9    68.0    68.7    65.1    52.0    47.1    43.0    42.0    37.0    53.3    44.7    47.6    40.3    43.9  1672.2
      15    20.0    27.2    26.6    27.6    25.5    26.9    24.2    25.1    35.0    25.5    30.4    10.0     9.4     5.4     5.8     0.0     5.0    14.1    15.6    21.2    15.8    22.4    22.2    19.8    23.3    22.4    17.0    19.0    20.6    51.0    22.0    20.0    40.3    33.5    31.6    34.4    29.7    30.9    28.8    76.5    71.6    69.6    69.9    66.7    55.2    50.6    46.3    45.3    40.3    58.6    50.0    53.2    45.5    49.5  1734.2
      16    20.6    24.6    24.2    24.4    22.2    23.4    20.5    20.1    30.0    20.6    25.5    11.2     8.0     5.8     3.0     5.0     0.0    18.0    19.2    25.0    18.0    25.0    26.4    23.9    27.7    26.9    21.5    23.8    25.5    55.5    22.6    20.4    44.7    36.1    33.5    37.5    31.8    33.6    30.9    77.6    72.8    70.9    71.5    68.0    55.0    50.1    46.0    45.0    40.0    55.8    47.2    50.0    42.9    46.1  1755.6
      17    31.6    41.2    40.6    41.7    39.6    41.0    38.3    37.0    46.1    35.4    40.3    22.4    23.4    19.2    19.8    14.1    18.0     0.0     2.0     7.1     7.1    10.0    24.4    23.5    24.2    22.4    18.7    17.9    18.0    48.8    33.5    32.0    39.1    40.3    40.0    39.3    38.0    37.3    37.0    85.1    80.2    78.2    77.6    75.2    66.7    62.6    58.0    57.0    52.2    72.6    64.0    67.3    59.4    63.6  2130.1
      18    33.5    42.8    42.2    43.2    41.0    42.4    39.6    37.7    46.6    35.7    40.6    24.2    25.0    20.8    21.2    15.6    19.2     2.0     0.0     5.8     5.8     8.0    26.2    25.5    26.0    24.2    20.6    19.7    19.7    50.2    35.4    33.8    40.6    42.3    42.0    41.2    40.0    39.3    39.0    87.1    82.2    80.2    79.6    77.2    68.7    64.6    59.9    58.9    54.1    74.2    65.6    68.8    61.0    65.1  2206.0
      19    38.1    48.3    47.6    48.8    46.7    48.1    45.3    43.5    52.2    41.2    46.1    29.2    30.5    26.2    26.9    21.2    25.0     7.1     5.8     0.0    10.0     7.1    28.2    28.0    27.5    25.5    23.0    21.2    20.6    49.2    39.9    38.5    40.3    45.0    45.3    43.3    43.3    42.0    42.3    90.0    85.0    83.0    82.2    80.0    72.8    68.9    64.2    63.2    58.5    79.6    71.1    74.3    66.4    70.7  2407.9
      20    35.4    42.5    42.1    42.4    40.2    41.4    38.4    34.5    42.7    31.6    36.4    25.5    25.1    21.2    20.6    15.8    18.0     7.1     5.8    10.0     0.0     7.1    30.9    29.7    30.9    29.2    25.1    24.7    25.0    55.9    37.3    35.5    46.1    46.1    45.3    45.5    43.3    43.2    42.3    90.6    85.6    83.6    83.4    80.6    70.7    66.3    61.8    60.8    55.9    73.8    65.2    68.0    60.9    64.0  2290.9
      21    41.2    49.4    48.9    49.4    47.2    48.4    45.5    41.3    49.2    38.1    42.7    31.6    31.8    27.7    27.5    22.4    25.0    10.0     8.0     7.1     7.1     0.0    34.0    33.4    33.5    31.6    28.4    27.2    26.9    56.2    43.2    41.5    47.2    50.2    50.0    49.0    48.0    47.3    47.0    95.1    90.1    88.1    87.6    85.1    76.5    72.3    67.7    66.7    61.8    80.7    72.1    75.0    67.7    71.1  2551.9
      22    19.3    35.2    34.2    37.7    36.3    38.3    37.1    44.4    54.6    46.6    51.3    18.2    23.5    21.5    25.1    22.2    26.4    24.4    26.2    28.2    30.9    34.0     0.0     3.0     2.2     3.6     5.8     7.0     8.2    29.2    20.1    20.2    18.4    17.3    18.8    15.1    17.0    14.3    16.1    62.1    57.1    55.1    54.0    52.1    47.9    45.2    40.2    39.4    35.5    63.0    55.1    59.5    49.7    57.4  1705.2
      23    16.6    32.3    31.3    34.7    33.4    35.4    34.1    41.5    51.7    43.9    48.5    15.3    20.6    18.8    22.4    19.8    23.9    23.5    25.5    28.0    29.7    33.4     3.0     0.0     5.1     5.8     5.0     7.6     9.4    32.0    17.5    17.5    21.2    17.0    17.7    15.8    15.8    14.0    14.9    62.0    57.0    55.0    54.2    52.0    46.5    43.6    38.6    37.7    33.6    60.5    52.5    56.8    47.2    54.6  1635.1
      24    21.5    37.4    36.4    39.8    38.5    40.4    39.1    46.1    56.3    48.1    52.8    20.1    25.3    23.1    26.6    23.3    27.7    24.2    26.0    27.5    30.9    33.5     2.2     5.1     0.0     2.0     6.4     6.3     7.0    27.7    22.4    22.5    17.0    18.7    20.6    16.0    18.9    15.8    18.0    63.2    58.2    56.2    55.0    53.2    49.7    47.2    42.2    41.4    37.5    65.2    57.3    61.7    52.0    59.6  1771.0
      25    22.4    37.9    37.0    40.3    38.8    40.8    39.3    45.7    55.9    47.4    52.2    20.0    25.1    22.6    26.0    22.4    26.9    22.4    24.2    25.5    29.2    31.6     3.6     5.8     2.0     0.0     5.4     4.5     5.0    28.7    23.3    23.3    18.0    20.6    22.4    18.0    20.6    17.7    19.7    65.2    60.2    58.2    57.0    55.2    51.5    48.8    43.8    43.0    39.1    66.3    58.3    62.6    53.0    60.4  1794.7
      26    19.2    34.0    33.1    36.1    34.5    36.4    34.7    40.4    50.6    42.1    46.8    15.1    20.0    17.3    20.6    17.0    21.5    18.7    20.6    23.0    25.1    28.4     5.8     5.0     6.4     5.4     0.0     3.6     5.8    34.0    20.5    20.0    23.3    22.0    22.6    20.6    20.6    19.0    19.6    67.0    62.0    60.0    59.2    57.0    51.1    47.9    42.9    42.1    37.7    63.4    55.2    59.4    50.0    56.8  1701.4
      27    22.8    37.6    36.7    39.6    37.9    39.8    38.1    43.2    53.3    44.4    49.2    18.4    23.1    20.0    23.2    19.0    23.8    17.9    19.7    21.2    24.7    27.2     7.0     7.6     6.3     4.5     3.6     0.0     2.2    32.4    24.1    23.6    22.0    24.2    25.3    22.1    23.4    21.2    22.5    69.1    64.1    62.1    61.0    59.1    54.1    51.1    46.1    45.3    41.0    67.0    58.8    63.0    53.6    60.4  1808.7
      28    25.0    39.8    38.9    41.8    40.2    42.1    40.3    45.1    55.2    46.1    51.0    20.6    25.2    22.0    25.1    20.6    25.5    18.0    19.7    20.6    25.0    26.9     8.2     9.4     7.0     5.0     5.8     2.2     0.0    31.4    26.2    25.8    21.2    25.5    26.9    23.0    25.1    22.6    24.2    70.2    65.2    63.2    62.0    60.2    55.9    53.0    48.0    47.2    43.0    69.2    61.0    65.2    55.8    62.6  1886.1
      29    45.2    61.0    60.0    64.1    63.3    65.3    64.6    73.4    83.5    75.8    80.4    47.1    52.5    50.7    54.2    51.0    55.5    48.8    50.2    49.2    55.9    56.2    29.2    32.0    27.7    28.7    34.0    32.4    31.4     0.0    45.0    46.2    10.8    30.6    35.5    25.3    35.2    30.1    35.1    59.2    54.9    53.3    49.7    50.8    58.8    59.0    54.6    54.2    52.5    83.2    76.7    81.6    71.4    80.8  2758.0
      30     2.0    16.0    15.0    19.1    18.4    20.4    20.2    32.0    41.3    36.8    40.4    12.0    14.9    17.1    19.6    22.0    22.6    33.5    35.4    39.9    37.3    43.2    20.1    17.5    22.4    23.3    20.5    24.1    26.2    45.0     0.0     2.2    35.1    17.0    12.8    20.9    11.7    15.8    11.2    55.1    50.3    48.4    49.2    45.5    33.4    29.1    24.5    23.5    18.7    43.0    35.0    39.4    29.7    37.3  1447.3
      31     1.0    15.1    14.1    18.0    17.1    19.1    18.7    30.0    39.4    34.7    38.3    10.0    12.6    15.0    17.5    20.0    20.4    32.0    33.8    38.5    35.5    41.5    20.2    17.5    22.5    23.3    20.0    23.6    25.8    46.2     2.2     0.0    36.0    18.9    14.9    22.5    13.6    17.5    13.0    57.3    52.5    50.6    51.5    47.8    35.2    30.8    26.3    25.3    20.4    43.4    35.2    39.4    30.0    37.2  1442.9
      32    35.0    51.0    50.0    54.0    53.0    55.0    54.2    62.6    72.8    65.0    69.6    36.4    41.8    39.9    43.5    40.3    44.7    39.1    40.6    40.3    46.1    47.2    18.4    21.2    17.0    18.0    23.3    22.0    21.2    10.8    35.1    36.0     0.0    22.4    26.9    17.0    26.2    21.2    26.0    58.5    53.9    52.0    49.3    49.2    53.2    52.4    47.7    47.2    44.7    75.0    68.0    72.8    62.6    71.6  2303.2
      33    18.0    32.0    31.0    35.4    35.1    37.0    37.2    48.8    58.3    53.2    57.0    25.0    29.7    30.2    33.6    33.5    36.1    40.3    42.3    45.0    46.1    50.2    17.3    17.0    18.7    20.6    22.0    24.2    25.5    30.6    17.0    18.9    22.4     0.0     5.0     5.4     5.4     3.0     5.8    45.0    40.0    38.0    37.3    35.0    32.0    30.5    25.6    25.0    22.4    52.8    46.1    51.0    40.8    50.2  1685.6
      34    14.1    27.2    26.2    30.7    30.5    32.3    32.6    44.8    54.1    49.5    53.2    22.4    26.6    27.7    30.9    31.6    33.5    40.0    42.0    45.3    45.3    50.0    18.8    17.7    20.6    22.4    22.6    25.3    26.9    35.5    12.8    14.9    26.9     5.0     0.0    10.2     2.0     5.8     3.0    45.3    40.3    38.3    38.3    35.4    29.2    26.9    21.9    21.2    18.0    48.1    41.2    46.1    35.9    45.3  1592.4
      35    21.5    36.5    35.5    39.8    39.3    41.2    41.1    52.0    61.7    55.8    59.9    26.9    32.0    31.8    35.4    34.4    37.5    39.3    41.2    43.3    45.5    49.0    15.1    15.8    16.0    18.0    20.6    22.1    23.0    25.3    20.9    22.5    17.0     5.4    10.2     0.0    10.0     5.1    10.0    47.3    42.3    40.3    39.0    37.3    36.8    35.6    30.8    30.2    27.7    58.2    51.4    56.3    46.1    55.4  1792.7
      36    12.8    26.7    25.7    30.1    29.7    31.6    31.8    43.6    53.0    48.1    51.9    20.6    25.0    25.9    29.2    29.7    31.8    38.0    40.0    43.3    43.3    48.0    17.0    15.8    18.9    20.6    20.6    23.4    25.1    35.2    11.7    13.6    26.2     5.4     2.0    10.0     0.0     5.1     1.0    47.3    42.3    40.3    40.3    37.3    30.9    28.4    23.4    22.7    19.2    48.8    41.8    46.6    36.4    45.5  1562.6
      37    16.6    31.4    30.4    34.7    34.2    36.1    36.1    47.2    56.8    51.2    55.2    22.7    27.6    27.8    31.2    30.9    33.6    37.3    39.3    42.0    43.2    47.3    14.3    14.0    15.8    17.7    19.0    21.2    22.6    30.1    15.8    17.5    21.2     3.0     5.8     5.1     5.1     0.0     5.0    48.0    43.0    41.0    40.3    38.0    34.4    32.5    27.6    26.9    23.9    53.9    46.8    51.7    41.5    50.6  1646.1
      38    12.2    26.5    25.5    29.8    29.4    31.3    31.4    43.0    52.5    47.4    51.2    19.7    24.2    25.1    28.3    28.8    30.9    37.0    39.0    42.3    42.3    47.0    16.1    14.9    18.0    19.7    19.6    22.5    24.2    35.1    11.2    13.0    26.0     5.8     3.0    10.0     1.0     5.0     0.0    48.3    43.3    41.3    41.2    38.3    31.8    29.2    24.2    23.4    19.8    49.2    42.1    46.8    36.7    45.7  1551.5
      39    57.0    61.4    60.9    64.7    65.9    66.9    69.0    83.2    90.1    89.4    91.8    66.7    69.9    72.0    74.7    76.5    77.6    85.1    87.1    90.0    90.6    95.1    62.1    62.0    63.2    65.2    67.0    69.1    70.2    59.2    55.1    57.3    58.5    45.0    45.3    47.3    47.3    48.0    48.3     0.0     5.0     7.0     9.4    10.0    28.3    34.0    35.2    36.1    40.3    57.3    57.0    61.0    54.5    64.0  3154.7
      40    52.2    57.1    56.6    60.5    61.6    62.7    64.7    78.9    86.0    85.0    87.5    61.8    65.1    67.2    69.9    71.6    72.8    80.2    82.2    85.0    85.6    90.1    57.1    57.0    58.2    60.2    62.0    64.1    65.2    54.9    50.3    52.5    53.9    40.0    40.3    42.3    42.3    43.0    43.3     5.0     0.0     2.0     5.8     5.0    25.0    30.5    31.2    32.0    36.1    55.0    54.1    58.3    51.2    61.0  2923.1
      41    50.3    55.5    54.9    58.8    59.9    61.0    63.0    77.2    84.4    83.2    85.8    59.9    63.2    65.3    68.0    69.6    70.9    78.2    80.2    83.0    83.6    88.1    55.1    55.0    56.2    58.2    60.0    62.1    63.2    53.3    48.4    50.6    52.0    38.0    38.3    40.3    40.3    41.0    41.3     7.0     2.0     0.0     5.1     3.0    23.9    29.2    29.7    30.5    34.4    54.2    53.0    57.3    50.0    59.9  2836.5
      42    51.1    57.6    57.0    61.1    62.0    63.3    65.0    79.1    86.7    84.9    87.7    60.4    64.1    65.8    68.7    69.9    71.5    77.6    79.6    82.2    83.4    87.6    54.0    54.2    55.0    57.0    59.2    61.0    62.0    49.7    49.2    51.5    49.3    37.3    38.3    39.0    40.3    40.3    41.2     9.4     5.8     5.1     0.0     5.4    27.7    32.8    32.6    33.3    36.8    58.5    56.8    61.3    53.5    63.6  2887.7
      43    47.4    53.0    52.4    56.4    57.4    58.6    60.5    74.6    82.0    80.6    83.2    57.0    60.4    62.4    65.1    66.7    68.0    75.2    77.2    80.0    80.6    85.1    52.1    52.0    53.2    55.2    57.0    59.1    60.2    50.8    45.5    47.8    49.2    35.0    35.4    37.3    37.3    38.0    38.3    10.0     5.0     3.0     5.4     0.0    22.4    27.5    27.6    28.3    32.0    53.1    51.5    55.9    48.3    58.3  2715.7
      44    35.4    34.8    34.5    37.7    39.2    39.9    42.4    56.6    62.6    63.2    65.0    45.3    47.0    50.1    52.0    55.2    55.0    66.7    68.7    72.8    70.7    76.5    47.9    46.5    49.7    51.5    51.1    54.1    55.9    58.8    33.4    35.2    53.2    32.0    29.2    36.8    30.9    34.4    31.8    28.3    25.0    23.9    27.7    22.4     0.0     5.8     9.0    10.0    15.0    31.0    29.2    33.5    26.2    36.1  2226.8
      45    31.0    29.1    28.9    32.0    33.5    34.2    36.7    50.9    56.8    57.6    59.2    40.8    42.1    45.4    47.1    50.6    50.1    62.6    64.6    68.9    66.3    72.3    45.2    43.6    47.2    48.8    47.9    51.1    53.0    59.0    29.1    30.8    52.4    30.5    26.9    35.6    28.4    32.5    29.2    34.0    30.5    29.2    32.8    27.5     5.8     0.0     5.0     5.8    10.4    27.2    24.2    28.8    20.8    30.9  2064.9
      46    26.5    26.4    26.0    29.5    30.9    31.8    34.0    48.3    54.9    54.8    56.8    36.3    38.0    41.1    43.0    46.3    46.0    58.0    59.9    64.2    61.8    67.7    40.2    38.6    42.2    43.8    42.9    46.1    48.0    54.6    24.5    26.3    47.7    25.6    21.9    30.8    23.4    27.6    24.2    35.2    31.2    29.7    32.6    27.6     9.0     5.0     0.0     1.0     6.0    30.0    25.7    30.6    21.5    32.0  1908.1
      47    25.5    25.5    25.1    28.7    30.0    30.9    33.1    47.4    54.1    53.9    55.9    35.4    37.0    40.1    42.0    45.3    45.0    57.0    58.9    63.2    60.8    66.7    39.4    37.7    41.4    43.0    42.1    45.3    47.2    54.2    23.5    25.3    47.2    25.0    21.2    30.2    22.7    26.9    23.4    36.1    32.0    30.5    33.3    28.3    10.0     5.8     1.0     0.0     5.0    30.1    25.5    30.4    21.2    31.6  1877.9
      48    20.6    21.1    20.6    24.4    25.6    26.6    28.7    42.9    50.0    49.2    51.5    30.4    32.0    35.1    37.0    40.3    40.0    52.2    54.1    58.5    55.9    61.8    35.5    33.6    37.5    39.1    37.7    41.0    43.0    52.5    18.7    20.4    44.7    22.4    18.0    27.7    19.2    23.9    19.8    40.3    36.1    34.4    36.8    32.0    15.0    10.4     6.0     5.0     0.0    30.8    25.0    30.0    20.1    30.4  1745.8
      49    44.2    31.4    32.0    31.4    33.6    32.6    35.8    46.1    47.0    53.0    52.2    50.9    49.2    53.4    53.3    58.6    55.8    72.6    74.2    79.6    73.8    80.7    63.0    60.5    65.2    66.3    63.4    67.0    69.2    83.2    43.0    43.4    75.0    52.8    48.1    58.2    48.8    53.9    49.2    57.3    55.0    54.2    58.5    53.1    31.0    27.2    30.0    30.1    30.8     0.0     8.6     7.0    13.5    12.0  2620.1
      50    36.1    22.8    23.4    22.8    25.1    24.2    27.3    38.3    40.3    45.3    45.0    42.4    40.6    44.8    44.7    50.0    47.2    64.0    65.6    71.1    65.2    72.1    55.1    52.5    57.3    58.3    55.2    58.8    61.0    76.7    35.0    35.2    68.0    46.1    41.2    51.4    41.8    46.8    42.1    57.0    54.1    53.0    56.8    51.5    29.2    24.2    25.7    25.5    25.0     8.6     0.0     5.0     5.4     7.1  2268.8
      51    40.3    26.2    26.9    25.6    27.8    26.6    29.7    39.3    40.0    46.1    45.3    46.1    43.9    48.1    47.6    53.2    50.0    67.3    68.8    74.3    68.0    75.0    59.5    56.8    61.7    62.6    59.4    63.0    65.2    81.6    39.4    39.4    72.8    51.0    46.1    56.3    46.6    51.7    46.8    61.0    58.3    57.3    61.3    55.9    33.5    28.8    30.6    30.4    30.0     7.0     5.0     0.0    10.2     5.0  2450.2
      52    30.8    18.4    18.9    19.0    21.2    20.6    23.8    36.0    39.3    43.0    43.3    37.5    36.1    40.2    40.3    45.5    42.9    59.4    61.0    66.4    60.9    67.7    49.7    47.2    52.0    53.0    50.0    53.6    55.8    71.4    29.7    30.0    62.6    40.8    35.9    46.1    36.4    41.5    36.7    54.5    51.2    50.0    53.5    48.3    26.2    20.8    21.5    21.2    20.1    13.5     5.4    10.2     0.0    10.4  2071.4
      53    38.1    23.0    23.9    21.9    24.0    22.7    25.6    34.5    35.0    41.2    40.3    43.0    40.4    44.6    43.9    49.5    46.1    63.6    65.1    70.7    64.0    71.1    57.4    54.6    59.6    60.4    56.8    60.4    62.6    80.8    37.3    37.2    71.6    50.2    45.3    55.4    45.5    50.6    45.7    64.0    61.0    59.9    63.6    58.3    36.1    30.9    32.0    31.6    30.4    12.0     7.1     5.0    10.4     0.0  2366.2
          1441.6  1627.1  1606.5  1696.3  1673.5  1728.3  1721.5  2115.2  2516.6  2304.1  2461.2  1515.0  1567.1  1607.0  1672.2  1734.2  1755.6  2130.1  2206.0  2407.9  2290.9  2551.9  1705.2  1635.1  1771.0  1794.7  1701.4  1808.7  1886.1  2758.0  1447.3  1442.9  2303.2  1685.6  1592.4  1792.7  1562.6  1646.1  1551.5  3154.7  2923.1  2836.5  2887.7  2715.7  2226.8  2064.9  1908.1  1877.9  1745.8  2620.1  2268.8  2450.2  2071.4  2366.2

Route matrix:
               0       1       2       3       4       5       6       7       8       9      10      11      12      13      14      15      16      17      18      19      20      21      22      23      24      25      26      27      28      29      30      31      32      33      34      35      36      37      38      39      40      41      42      43      44      45      46      47      48      49      50      51      52      53
       0     0.0     0.0     1.0     0.0     0.0     0.0     0.0     1.0     0.0     0.0     0.0     1.0     0.0     0.0     0.0     0.0     0.0     2.0     0.0     0.0     0.0     0.0     0.0     1.0     0.0     0.0     0.0     0.0     0.0     0.0     1.0     1.0     1.0     0.0     1.0     0.0     0.0     0.0     1.0     0.0     0.0     0.0     0.0     1.0     0.0     0.0     0.0     0.0     1.0     0.0     0.0     0.0     1.0     0.0    14.0
       1     0.0     0.0     0.0     0.0     1.0     0.0     0.0     0.0     0.0     0.0     0.0     0.0     0.0     0.0     0.0     0.0     0.0     0.0     0.0     0.0     0.0     0.0     0.0     0.0     0.0     0.0     0.0     0.0     0.0     0.0     0.0     0.0     0.0     0.0     0.0     0.0     0.0     0.0     0.0     0.0     0.0     0.0     0.0     0.0     0.0     0.0     0.0     0.0     0.0     0.0     0.0     0.0     0.0     0.0     1.0
       2     0.0     1.0     0.0     0.0     0.0     0.0     0.0     0.0     0.0     0.0     0.0     0.0     0.0     0.0     0.0     0.0     0.0     0.0     0.0     0.0     0.0     0.0     0.0     0.0     0.0     0.0     0.0     0.0     0.0     0.0     0.0     0.0     0.0     0.0     0.0     0.0     0.0     0.0     0.0     0.0     0.0     0.0     0.0     0.0     0.0     0.0     0.0     0.0     0.0     0.0     0.0     0.0     0.0     0.0     1.0
       3     1.0     0.0     0.0     0.0     0.0     0.0     0.0     0.0     0.0     0.0     0.0     0.0     0.0     0.0     0.0     0.0     0.0     0.0     0.0     0.0     0.0     0.0     0.0     0.0     0.0     0.0     0.0     0.0     0.0     0.0     0.0     0.0     0.0     0.0     0.0     0.0     0.0     0.0     0.0     0.0     0.0     0.0     0.0     0.0     0.0     0.0     0.0     0.0     0.0     0.0     0.0     0.0     0.0     0.0     1.0
       4     1.0     0.0     0.0     0.0     0.0     0.0     1.0     0.0     0.0     0.0     0.0     0.0     0.0     0.0     0.0     0.0     0.0     0.0     0.0     0.0     0.0     0.0     0.0     0.0     0.0     0.0     0.0     0.0     0.0     0.0     0.0     0.0     0.0     0.0     0.0     0.0     0.0     0.0     0.0     0.0     0.0     0.0     0.0     0.0     0.0     0.0     0.0     0.0     0.0     0.0     0.0     0.0     0.0     0.0     2.0
