30767 13079  873.27813   68  150  875.29251  857.54638  2.03%   114  588s
 31245 13167     cutoff   54       875.29251  857.65605  2.01%   115  594s
 31647 13260  867.42423   56  253  875.29251  857.79825  2.00%   115  599s
 32052 13394  866.68221   51  246  875.29251  857.99584  1.98%   115  605s
 32501 13483     cutoff   60       875.29251  858.11858  1.96%   116  611s
 32917 13600  874.46698   72  298  875.29251  858.26213  1.95%   116  616s
 33339 13695  867.64749   39  154  875.29251  858.38556  1.93%   116  622s
 33753 13822     cutoff   54       875.29251  858.52948  1.92%   117  627s
 34155 13896  864.86054   49  166  875.29251  858.59023  1.91%   117  633s
 34591 13955  871.97445   64   76  875.29251  858.73832  1.89%   117  638s
 34816 14048  873.90934   47  172  875.29251  858.81918  1.88%   118  644s
 35284 14200  869.45536   67  183  875.29251  859.00122  1.86%   118  650s
 35743 14315  869.62303   55  132  875.29251  859.10680  1.85%   118  656s
 36154 14378     cutoff   62       875.29251  859.18647  1.84%   118  661s
 36486 14441  869.05124   48  243  875.29251  859.34231  1.82%   119  667s
 36939 14529  864.34307   58  256  875.29251  859.43846  1.81%   119  673s
 37321 14716  870.39810   58   98  875.29251  859.59019  1.79%   119  679s
 37798 14811     cutoff   66       875.29251  859.65078  1.79%   119  685s
 38162 14905     cutoff   79       875.29251  859.73929  1.78%   120  690s
 38589 14976  867.11901   56  126  875.29251  859.86823  1.76%   120  696s
 39050 15127  869.60473   86  242  875.29251  859.99240  1.75%   120  701s
 39562 15238  873.98329   39   83  875.29251  860.11524  1.73%   120  707s
 40071 15321  865.45984   42  174  875.29251  860.21587  1.72%   120  713s
 40549 15399     cutoff   57       875.29251  860.33865  1.71%   121  719s
 40984 15482     cutoff   54       875.29251  860.43218  1.70%   121  724s
 41496 15603     cutoff   55       875.29251  860.55000  1.68%   121  731s
 41942 15708  868.78615   46  227  875.29251  860.65862  1.67%   121  737s
 42400 15776  870.37997   58  203  875.29251  860.72276  1.66%   121  742s
 42848 15903  864.90016   44  187  875.29251  860.85536  1.65%   121  747s
 43346 15930  872.55045   61  212  875.29251  860.94063  1.64%   121  753s
 43729 15967     cutoff   56       875.29251  861.03684  1.63%   121  758s
 44129 16026  869.77870   92  204  875.29251  861.16331  1.61%   122  764s
 44441 16137     cutoff   55       875.29251  861.22398  1.61%   122  769s
 44920 16208  863.42193   48  213  875.29251  861.31005  1.60%   122  776s
 45379 16307  863.61405   49  189  875.29251  861.40635  1.59%   122  782s
 45803 16344     cutoff   67       875.29251  861.48439  1.58%   122  788s
 46191 16395     cutoff   47       875.29251  861.54653  1.57%   122  794s
 46492 16493  874.44020   44  183  875.29251  861.62111  1.56%   122  800s
 47002 16565  866.89389   42  207  875.29251  861.69818  1.55%   122  806s
 47440 16623  873.89375   60  113  875.29251  861.77698  1.54%   123  813s
 47918 16682  873.46316   59  137  875.29251  861.85905  1.53%   123  819s
 48332 16778  872.55824   44  295  875.29251  861.92883  1.53%   123  824s
 48778 16920  865.38872   61  114  875.29251  862.03734  1.51%   123  831s
 49275 17023     cutoff   53       875.29251  862.11044  1.51%   123  837s
 49774 17062  866.04300   46  180  875.29251  862.18570  1.50%   123  843s
 50231 17177  869.56958   64  276  875.29251  862.29371  1.49%   123  850s
 50739 17289  867.40352   39  197  875.29251  862.38466  1.47%   123  856s
 51201 17391  868.62822   49  100  875.29251  862.47604  1.46%   123  861s
 51687 17443  871.35883   34  314  875.29251  862.55512  1.46%   123  867s
 52198 17523  868.08463   45  165  875.29251  862.66193  1.44%   123  874s
 52711 17622     cutoff   56       875.29251  862.71944  1.44%   123  879s
 53189 17744  874.99940   61   85  875.29251  862.77354  1.43%   123  884s
 53672 17813  866.24127   43  135  875.29251  862.85733  1.42%   123  889s
 54099 17888     cutoff   57       875.29251  862.94279  1.41%   123  895s
 54553 17920  873.13931   36   82  875.29251  862.99637  1.40%   123  900s
 55061 18002     cutoff   51       875.29251  863.06027  1.40%   123  906s
 55539 18092  867.97769   52  217  875.29251  863.11935  1.39%   123  912s
 55973 18147  868.66614   65  114  875.29251  863.20965  1.38%   123  919s
 56259 18215     cutoff   69       875.29251  863.23945  1.38%   123  924s
 56781 18218  872.25244   56   42  875.29251  863.29986  1.37%   123  930s
 57272 18264  868.79088   61  110  875.29251  863.36529  1.36%   123  935s
 57707 18342     cutoff   61       875.29251  863.44485  1.35%   123  941s
 58161 18444  864.37990   47  181  875.29251  863.54106  1.34%   123  946s
 58649 18502     cutoff   56       875.29251  863.60386  1.34%   123  952s
 59063 18549  869.45075   49  144  875.29251  863.66486  1.33%   123  957s
 59570 18654  874.79346   60  118  875.29251  863.75670  1.32%   123  963s
 60072 18779  874.49186   49  133  875.29251  863.81161  1.31%   123  970s
 60528 18834     cutoff   61       875.29251  863.86098  1.31%   123  976s
 61001 18947  870.54084   52   42  875.29251  863.92533  1.30%   123  982s
 61549 19000  874.54470   46  277  875.29251  863.99545  1.29%   123  988s
 62046 19051  873.14061   41  196  875.29251  864.06225  1.28%   123  994s
 62475 19144  871.32814   49  141  875.29251  864.12694  1.28%   123 1000s
 62984 19244     cutoff   85       875.29251  864.18922  1.27%   123 1006s
 63473 19272  873.58957   48  100  875.29251  864.25837  1.26%   123 1011s
 63975 19276  866.53644   48  206  875.29251  864.29371  1.26%   123 1018s
 64136 19312     cutoff   56       875.29251  864.31491  1.25%   123 1023s
 64647 19392  867.16604   49  191  875.29251  864.41163  1.24%   123 1029s
 65169 19475  871.74162   58  136  875.29251  864.48700  1.23%   123 1035s
 65756 19531  867.77127   53  225  875.29251  864.54400  1.23%   123 1042s
 66291 19608  868.33957   48  144  875.29251  864.61845  1.22%   123 1047s
 66826 19648  866.40616   45  195  875.29251  864.70565  1.21%   123 1053s
 67279 19699  873.81376   64  128  875.29251  864.73878  1.21%   122 1058s
 67763 19760  871.67202   56  104  875.29251  864.83321  1.19%   122 1064s
 68210 19825  873.84987   72  139  875.29251  864.87600  1.19%   122 1070s
 68786 19885     cutoff   54       875.29251  864.93868  1.18%   122 1076s
 69300 19969     cutoff   89       875.29251  864.97797  1.18%   122 1081s
 69789 20028  867.15262   55   80  875.29251  865.05328  1.17%   122 1087s
 70251 20057  873.78073   56  260  875.29251  865.09059  1.17%   122 1093s
 70782 20090     cutoff   56       875.29251  865.14990  1.16%   122 1099s
 71193 20073  871.50086   55  139  875.29251  865.21285  1.15%   122 1104s
 71751 20163  874.01266   49  145  875.29251  865.26047  1.15%   122 1110s
 72343 20218  873.04491   44  157  875.29251  865.35814  1.13%   122 1116s
 72902 20301     cutoff   53       875.29251  865.39445  1.13%   122 1122s
 73518 20367  867.49875   38  198  875.29251  865.46433  1.12%   122 1127s
 74006 20433  874.75060   54  143  875.29251  865.51184  1.12%   122 1132s
 74509 20484     cutoff   58       875.29251  865.56191  1.11%   121 1137s
 75045 20540  873.27173   75  110  875.29251  865.61320  1.11%   121 1143s
H75635 20560                     875.2925103  865.66487  1.10%   121 1156s
 75940 20598  873.60604   48  107  875.29251  865.69404  1.10%   121 1164s
 76172 20615  872.53759   96  222  875.29251  865.70080  1.10%   121 1170s
 76757 20740  869.86776   65  278  875.29251  865.78186  1.09%   121 1176s
 77424 20761     cutoff   61       875.29251  865.83821  1.08%   121 1182s
 78092 20803  868.14364   60  276  875.29251  865.88249  1.08%   121 1188s
 78688 20887  872.43861   66  126  875.29251  865.93958  1.07%   121 1194s
 79308 20881     cutoff   33       875.29251  865.99987  1.06%   121 1200s
 79945 20953     cutoff   52       875.29251  866.06996  1.05%   121 1206s
 80543 20987  875.08196   59  196  875.29251  866.12629  1.05%   121 1213s
H81180 21052                     875.2925058  866.18188  1.04%   120 1218s
 81751 21071  872.20957   60  168  875.29251  866.24025  1.03%   120 1224s
 82351 21104  870.99674   53   64  875.29251  866.30767  1.03%   120 1231s
 83068 21129  874.60822   56  136  875.29251  866.35039  1.02%   120 1237s
 83729 21143  872.63066   76  125  875.29251  866.41921  1.01%   120 1244s
 84430 21184     cutoff   56       875.29251  866.47338  1.01%   120 1249s
 85000 21183  866.78760   51  119  875.29251  866.52870  1.00%   120 1255s
 85503 21218  870.65146  110  235  875.29251  866.57173  1.00%   120 1260s
 86132 21291     cutoff   56       875.29251  866.62765  0.99%   119 1266s
 86800 21303  874.15145   53  126  875.29251  866.67550  0.98%   119 1272s
 87364 21324     cutoff   53       875.29251  866.70598  0.98%   119 1277s
 87929 21364  872.51810   63  151  875.29251  866.75947  0.97%   119 1282s
 88523 21350  872.98867   60  167  875.29251  866.80476  0.97%   119 1287s
 89126 21380  871.97429   62  125  875.29251  866.86261  0.96%   119 1293s
 89706 21414     cutoff   88       875.29251  866.90536  0.96%   119 1298s
 90220 21419  873.28639   68  204  875.29251  866.95680  0.95%   119 1303s
 90806 21379     cutoff   71       875.29251  867.00422  0.95%   119 1308s
 91374 21382  873.27436   60   92  875.29251  867.05568  0.94%   118 1314s
 91997 21427  870.89016   53  149  875.29251  867.11243  0.93%   118 1319s
 92606 21450  869.36410   68  105  875.29251  867.16201  0.93%   118 1324s
 93236 21424     cutoff   50       875.29251  867.20909  0.92%   118 1330s
 93869 21400     cutoff   48       875.29251  867.26150  0.92%   118 1336s
 94505 21432     cutoff   65       875.29251  867.31773  0.91%   118 1342s
 94861 21428  872.24047   54  230  875.29251  867.35372  0.91%   118 1349s
 95566 21398     cutoff   60       875.29251  867.40383  0.90%   118 1355s
 96178 21355  870.76177   50   58  875.29251  867.45607  0.90%   117 1360s
 96791 21378  874.77894   66  113  875.29251  867.49805  0.89%   117 1366s
 97445 21403  869.72388   36  103  875.29251  867.53754  0.89%   117 1371s
 97993 21478  870.49900   50  130  875.29251  867.58563  0.88%   117 1376s
 98618 21484  873.53683   47   58  875.29251  867.62346  0.88%   117 1382s
 99215 21497  874.09707   51  126  875.29251  867.66498  0.87%   117 1399s
 99611 21481  874.39771   58   79  875.29251  867.68678  0.87%   117 1405s
 100320 21481     cutoff   53       875.29251  867.74318  0.86%   117 1411s
 101015 21500     cutoff   53       875.29251  867.79040  0.86%   117 1416s
 101645 21510  872.71249   63  209  875.29251  867.83545  0.85%   116 1422s
 102316 21544  871.54898   74   86  875.29251  867.87569  0.85%   116 1428s
 103019 21531  872.32488   42  297  875.29251  867.93677  0.84%   116 1434s
 103667 21524  870.96658   47  281  875.29251  867.97419  0.84%   116 1439s
 104326 21499     cutoff   57       875.29251  868.01578  0.83%   116 1445s
 104920 21512  868.41846   73  212  875.29251  868.05350  0.83%   116 1451s
 105613 21486  872.08988   52  265  875.29251  868.08934  0.82%   116 1456s
 106209 21488     cutoff   38       875.29251  868.14426  0.82%   116 1462s
 106889 21441  873.92273   40  162  875.29251  868.18573  0.81%   115 1467s
 107495 21388  875.00977   55  224  875.29251  868.23243  0.81%   115 1473s
 108138 21320  873.67425   52  197  875.29251  868.28061  0.80%   115 1478s
 108783 21327  874.64165   54   68  875.29251  868.33199  0.80%   115 1484s
 109461 21241     cutoff   53       875.29251  868.37183  0.79%   115 1489s
 110096 21238     cutoff   45       875.29251  868.41160  0.79%   115 1494s
 110737 21212  874.02398   47  158  875.29251  868.44252  0.78%   115 1500s
 111419 21170  872.83573   57   58  875.29251  868.49091  0.78%   115 1505s
 112087 21170  873.02559   52  105  875.29251  868.54368  0.77%   114 1512s
 112762 21115     cutoff   63       875.29251  868.58688  0.77%   114 1519s
 113559 21074  872.79022   71   99  875.29251  868.64943  0.76%   114 1524s
 114173 21014  874.50629   77  124  875.29251  868.68252  0.76%   114 1528s
 114782 21016  871.97887   64  136  875.29251  868.72349  0.75%   114 1533s
 115445 21020  873.31910   61  153  875.29251  868.75564  0.75%   114 1538s
 116016 21033     cutoff   77       875.29251  868.78725  0.74%   114 1543s
 116659 20980  871.89566   82  159  875.29251  868.80744  0.74%   113 1548s
 117297 20967     cutoff   56       875.29251  868.84418  0.74%   113 1553s
 117973 20973  874.29686   43   58  875.29251  868.89581  0.73%   113 1558s
 118597 20905  874.55021   53  171  875.29251  868.92723  0.73%   113 1562s
 119329 20802     cutoff   77       875.29251  868.96962  0.72%   113 1567s
 119954 20811  874.24012   55   45  875.29251  869.00363  0.72%   113 1572s
 120589 20739     cutoff   79       875.29251  869.03876  0.71%   113 1577s
 121271 20662  869.51248   52  146  875.29251  869.07930  0.71%   112 1582s
 121872 20628  871.77819   50  144  875.29251  869.12016  0.71%   112 1586s
 122435 20590     cutoff   55       875.29251  869.15414  0.70%   112 1591s
 123003 20553  871.70099   75  104  875.29251  869.18532  0.70%   112 1595s
 123584 20497  873.28288   67   61  875.29251  869.21479  0.69%   112 1600s
 124225 20465  870.51037   45  104  875.29251  869.25428  0.69%   112 1605s
 125494 20361  871.27365   41   93  875.29251  869.31448  0.68%   112 1614s
 126100 20317  873.86266   63   71  875.29251  869.35490  0.68%   111 1618s
 126685 20260  871.81050   44  118  875.29251  869.38466  0.67%   111 1623s
 127309 20138  871.24184   45  288  875.29251  869.41888  0.67%   111 1627s
 127896 20072  874.96767   49  138  875.29251  869.46011  0.67%   111 1633s
 128495 20015     cutoff   65       875.29251  869.49050  0.66%   111 1638s
 128937 19926     cutoff  105       875.29251  869.50149  0.66%   111 1643s
 129575 19790     cutoff   55       875.29251  869.55944  0.65%   111 1647s
 130197 19740     cutoff   63       875.29251  869.60180  0.65%   111 1652s
 130834 19627  873.72334   50  243  875.29251  869.63745  0.65%   110 1657s
 131415 19532  874.69024   60   28  875.29251  869.66851  0.64%   110 1661s
 131974 19476     cutoff   68       875.29251  869.71301  0.64%   110 1666s
 132641 19380     cutoff   51       875.29251  869.75136  0.63%   110 1671s
 133314 19250  874.37882   58   87  875.29251  869.79339  0.63%   110 1676s
 133925 19147  872.24553   61  158  875.29251  869.82547  0.62%   110 1681s
 134598 19012     cutoff   69       875.29251  869.85443  0.62%   110 1685s
 135341 18879     cutoff   54       875.29251  869.89235  0.62%   109 1691s
 135981 18737  873.34452   74  147  875.29251  869.92488  0.61%   109 1695s
 136716 18588 infeasible   49       875.29251  869.96848  0.61%   109 1700s
 137401 18488     cutoff   47       875.29251  870.01746  0.60%   109 1705s
 138110 18396     cutoff   70       875.29251  870.05221  0.60%   109 1710s
 138755 18238     cutoff   59       875.29251  870.08482  0.59%   109 1715s
 139326 18109     cutoff   66       875.29251  870.12079  0.59%   109 1720s
 139974 17961     cutoff   56       875.29251  870.16386  0.59%   109 1725s
 140696 17820  871.17402   58  224  875.29251  870.20561  0.58%   108 1730s
 142102 17599     cutoff   54       875.29251  870.28037  0.57%   108 1739s
 142738 17425     cutoff   57       875.29251  870.32089  0.57%   108 1744s
 143483 17262  871.26616   64  109  875.29251  870.37730  0.56%   108 1749s
 144161 17082  874.47652   57  203  875.29251  870.40987  0.56%   108 1755s
 145002 16963     cutoff   70       875.29251  870.45529  0.55%   108 1760s
 146469 16625  873.82121   50  109  875.29251  870.54286  0.54%   107 1769s
 147165 16512     cutoff  114       875.29251  870.58668  0.54%   107 1774s
 147794 16302  871.39382   46   77  875.29251  870.62258  0.53%   107 1779s
 148522 16103     cutoff   59       875.29251  870.67211  0.53%   107 1784s
 149386 15957  873.97918   48   68  875.29251  870.72587  0.52%   107 1789s
 150169 15770     cutoff  110       875.29251  870.75837  0.52%   106 1794s
 151037 15563     cutoff   48       875.29251  870.80721  0.51%   106 1799s
 151850 15543     cutoff   44       875.29251  870.86215  0.51%   106 1800s

Cutting planes:
  Gomory: 93
  Lift-and-project: 123
  Cover: 21
  Implied bound: 111
  Projected implied bound: 15
  Clique: 19
  MIR: 87
  Flow cover: 161
  Inf proof: 2
  Zero half: 6
  RLT: 8
  Relax-and-lift: 14

Explored 151897 nodes (16115929 simplex iterations) in 1800.09 seconds (2525.37 work units)
Thread count was 8 (of 8 available processors)

Solution count 10: 875.293 875.293 875.293 ... 883.733

Time limit reached
Best objective 8.752925629298e+02, best bound 8.708629928047e+02, gap 0.5061%

--------------------------------------------------------------------


No feasible solution found

READY

Distance matrix:
               0       1       2       3       4       5       6       7       8       9      10      11      12      13      14      15      16      17      18      19      20      21      22      23      24      25      26      27      28      29      30      31      32      33      34      35      36      37      38      39      40      41      42      43      44      45      46      47      48      49      50      51      52      53
       0     0.0    16.1    15.1    19.0    18.1    20.1    19.6    30.8    40.3    35.4    39.1    10.0    13.0    15.1    17.7    20.0    20.6    31.6    33.5    38.1    35.4    41.2    19.3    16.6    21.5    22.4    19.2    22.8    25.0    45.2     2.0     1.0    35.0    18.0    14.1    21.5    12.8    16.6    12.2    57.0    52.2    50.3    51.1    47.4    35.4    31.0    26.5    25.5    20.6    44.2    36.1    40.3    30.8    38.1  1441.6
       1    16.1     0.0     1.0     3.6     4.5     5.7     7.6    21.9    29.1    28.5    30.4    20.0    17.8    22.0    22.0    27.2    24.6    41.2    42.8    48.3    42.5    49.4    35.2    32.3    37.4    37.9    34.0    37.6    39.8    61.0    16.0    15.1    51.0    32.0    27.2    36.5    26.7    31.4    26.5    61.4    57.1    55.5    57.6    53.0    34.8    29.1    26.4    25.5    21.1    31.4    22.8    26.2    18.4    23.0  1627.1
       2    15.1     1.0     0.0     4.5     5.0     6.4     8.1    22.4    29.7    28.8    30.9    19.2    17.2    21.4    21.5    26.6    24.2    40.6    42.2    47.6    42.1    48.9    34.2    31.3    36.4    37.0    33.1    36.7    38.9    60.0    15.0    14.1    50.0    31.0    26.2    35.5    25.7    30.4    25.5    60.9    56.6    54.9    57.0    52.4    34.5    28.9    26.0    25.1    20.6    32.0    23.4    26.9    18.9    23.9  1606.5
       3    19.0     3.6     4.5     0.0     2.2     2.2     5.0    19.0    25.6    25.7    27.3    21.5    18.4    22.7    22.0    27.6    24.4    41.7    43.2    48.8    42.4    49.4    37.7    34.7    39.8    40.3    36.1    39.6    41.8    64.1    19.1    18.0    54.0    35.4    30.7    39.8    30.1    34.7    29.8    64.7    60.5    58.8    61.1    56.4    37.7    32.0    29.5    28.7    24.4    31.4    22.8    25.6    19.0    21.9  1696.3
       4    18.1     4.5     5.0     2.2     0.0     2.0     3.2    17.5    24.8    24.0    25.9    19.7    16.4    20.6    19.8    25.5    22.2    39.6    41.0    46.7    40.2    47.2    36.3    33.4    38.5    38.8    34.5    37.9    40.2    63.3    18.4    17.1    53.0    35.1    30.5    39.3    29.7    34.2    29.4    65.9    61.6    59.9    62.0    57.4    39.2    33.5    30.9    30.0    25.6    33.6    25.1    27.8    21.2    24.0  1673.5
       5    20.1     5.7     6.4     2.2     2.0     0.0     3.2    16.8    23.4    23.5    25.1    21.5    18.0    22.2    21.2    26.9    23.4    41.0    42.4    48.1    41.4    48.4    38.3    35.4    40.4    40.8    36.4    39.8    42.1    65.3    20.4    19.1    55.0    37.0    32.3    41.2    31.6    36.1    31.3    66.9    62.7    61.0    63.3    58.6    39.9    34.2    31.8    30.9    26.6    32.6    24.2    26.6    20.6    22.7  1728.3
       6    19.6     7.6     8.1     5.0     3.2     3.2     0.0    14.3    21.9    20.9    22.8    19.6    15.7    19.7    18.4    24.2    20.5    38.3    39.6    45.3    38.4    45.5    37.1    34.1    39.1    39.3    34.7    38.1    40.3    64.6    20.2    18.7    54.2    37.2    32.6    41.1    31.8    36.1    31.4    69.0    64.7    63.0    65.0    60.5    42.4    36.7    34.0    33.1    28.7    35.8    27.3    29.7    23.8    25.6  1721.5
       7    30.8    21.9    22.4    19.0    17.5    16.8    14.3     0.0    10.2     7.0     8.6    26.2    20.9    23.2    20.0    25.1    20.1    37.0    37.7    43.5    34.5    41.3    44.4    41.5    46.1    45.7    40.4    43.2    45.1    73.4    32.0    30.0    62.6    48.8    44.8    52.0    43.6    47.2    43.0    83.2    78.9    77.2    79.1    74.6    56.6    50.9    48.3    47.4    42.9    46.1    38.3    39.3    36.0    34.5  2115.2
       8    40.3    29.1    29.7    25.6    24.8    23.4    21.9    10.2     0.0    11.2     7.1    36.4    31.0    33.4    30.1    35.0    30.0    46.1    46.6    52.2    42.7    49.2    54.6    51.7    56.3    55.9    50.6    53.3    55.2    83.5    41.3    39.4    72.8    58.3    54.1    61.7    53.0    56.8    52.5    90.1    86.0    84.4    86.7    82.0    62.6    56.8    54.9    54.1    50.0    47.0    40.3    40.0    39.3    35.0  2516.6
       9    35.4    28.5    28.8    25.7    24.0    23.5    20.9     7.0    11.2     0.0     5.0    29.2    23.9    25.1    21.5    25.5    20.6    35.4    35.7    41.2    31.6    38.1    46.6    43.9    48.1    47.4    42.1    44.4    46.1    75.8    36.8    34.7    65.0    53.2    49.5    55.8    48.1    51.2    47.4    89.4    85.0    83.2    84.9    80.6    63.2    57.6    54.8    53.9    49.2    53.0    45.3    46.1    43.0    41.2  2304.1
      10    39.1    30.4    30.9    27.3    25.9    25.1    22.8     8.6     7.1     5.0     0.0    33.5    28.2    29.7    26.2    30.4    25.5    40.3    40.6    46.1    36.4    42.7    51.3    48.5    52.8    52.2    46.8    49.2    51.0    80.4    40.4    38.3    69.6    57.0    53.2    59.9    51.9    55.2    51.2    91.8    87.5    85.8    87.7    83.2    65.0    59.2    56.8    55.9    51.5    52.2    45.0    45.3    43.3    40.3  2461.2
      11    10.0    20.0    19.2    21.5    19.7    21.5    19.6    26.2    36.4    29.2    33.5     0.0     5.4     5.4     8.6    10.0    11.2    22.4    24.2    29.2    25.5    31.6    18.2    15.3    20.1    20.0    15.1    18.4    20.6    47.1    12.0    10.0    36.4    25.0    22.4    26.9    20.6    22.7    19.7    66.7    61.8    59.9    60.4    57.0    45.3    40.8    36.3    35.4    30.4    50.9    42.4    46.1    37.5    43.0  1515.0
      12    13.0    17.8    17.2    18.4    16.4    18.0    15.7    20.9    31.0    23.9    28.2     5.4     0.0     4.2     5.0     9.4     8.0    23.4    25.0    30.5    25.1    31.8    23.5    20.6    25.3    25.1    20.0    23.1    25.2    52.5    14.9    12.6    41.8    29.7    26.6    32.0    25.0    27.6    24.2    69.9    65.1    63.2    64.1    60.4    47.0    42.1    38.0    37.0    32.0    49.2    40.6    43.9    36.1    40.4  1567.1
      13    15.1    22.0    21.4    22.7    20.6    22.2    19.7    23.2    33.4    25.1    29.7     5.4     4.2     0.0     3.6     5.4     5.8    19.2    20.8    26.2    21.2    27.7    21.5    18.8    23.1    22.6    17.3    20.0    22.0    50.7    17.1    15.0    39.9    30.2    27.7    31.8    25.9    27.8    25.1    72.0    67.2    65.3    65.8    62.4    50.1    45.4    41.1    40.1    35.1    53.4    44.8    48.1    40.2    44.6  1607.0
      14    17.7    22.0    21.5    22.0    19.8    21.2    18.4    20.0    30.1    21.5    26.2     8.6     5.0     3.6     0.0     5.8     3.0    19.8    21.2    26.9    20.6    27.5    25.1    22.4    26.6    26.0    20.6    23.2    25.1    54.2    19.6    17.5    43.5    33.6    30.9    35.4    29.2    31.2    28.3    74.7    69.9    68.0    68.7    65.1    52.0    47.1    43.0    42.0    37.0    53.3    44.7    47.6    40.3    43.9  1672.2
      15    20.0    27.2    26.6    27.6    25.5    26.9    24.2    25.1    35.0    25.5    30.4    10.0     9.4     5.4     5.8     0.0     5.0    14.1    15.6    21.2    15.8    22.4    22.2    19.8    23.3    22.4    17.0    19.0    20.6    51.0    22.0    20.0    40.3    33.5    31.6    34.4    29.7    30.9    28.8    76.5    71.6    69.6    69.9    66.7    55.2    50.6    46.3    45.3    40.3    58.6    50.0    53.2    45.5    49.5  1734.2
      16    20.6    24.6    24.2    24.4    22.2    23.4    20.5    20.1    30.0    20.6    25.5    11.2     8.0     5.8     3.0     5.0     0.0    18.0    19.2    25.0    18.0    25.0    26.4    23.9    27.7    26.9    21.5    23.8    25.5    55.5    22.6    20.4    44.7    36.1    33.5    37.5    31.8    33.6    30.9    77.6    72.8    70.9    71.5    68.0    55.0    50.1    46.0    45.0    40.0    55.8    47.2    50.0    42.9    46.1  1755.6
      17    31.6    41.2    40.6    41.7    39.6    41.0    38.3    37.0    46.1    35.4    40.3    22.4    23.4    19.2    19.8    14.1    18.0     0.0     2.0     7.1     7.1    10.0    24.4    23.5    24.2    22.4    18.7    17.9    18.0    48.8    33.5    32.0    39.1    40.3    40.0    39.3    38.0    37.3    37.0    85.1    80.2    78.2    77.6    75.2    66.7    62.6    58.0    57.0    52.2    72.6    64.0    67.3    59.4    63.6  2130.1
      18    33.5    42.8    42.2    43.2    41.0    42.4    39.6    37.7    46.6    35.7    40.6    24.2    25.0    20.8    21.2    15.6    19.2     2.0     0.0     5.8     5.8     8.0    26.2    25.5    26.0    24.2    20.6    19.7    19.7    50.2    35.4    33.8    40.6    42.3    42.0    41.2    40.0    39.3    39.0    87.1    82.2    80.2    79.6    77.2    68.7    64.6    59.9    58.9    54.1    74.2    65.6    68.8    61.0    65.1  2206.0
      19    38.1    48.3    47.6    48.8    46.7    48.1    45.3    43.5    52.2    41.2    46.1    29.2    30.5    26.2    26.9    21.2    25.0     7.1     5.8     0.0    10.0     7.1    28.2    28.0    27.5    25.5    23.0    21.2    20.6    49.2    39.9    38.5    40.3    45.0    45.3    43.3    43.3    42.0    42.3    90.0    85.0    83.0    82.2    80.0    72.8    68.9    64.2    63.2    58.5    79.6    71.1    74.3    66.4    70.7  2407.9
      20    35.4    42.5    42.1    42.4    40.2    41.4    38.4    34.5    42.7    31.6    36.4    25.5    25.1    21.2    20.6    15.8    18.0     7.1     5.8    10.0     0.0     7.1    30.9    29.7    30.9    29.2    25.1    24.7    25.0    55.9    37.3    35.5    46.1    46.1    45.3    45.5    43.3    43.2    42.3    90.6    85.6    83.6    83.4    80.6    70.7    66.3    61.8    60.8    55.9    73.8    65.2    68.0    60.9    64.0  2290.9
      21    41.2    49.4    48.9    49.4    47.2    48.4    45.5    41.3    49.2    38.1    42.7    31.6    31.8    27.7    27.5    22.4    25.0    10.0     8.0     7.1     7.1     0.0    34.0    33.4    33.5    31.6    28.4    27.2    26.9    56.2    43.2    41.5    47.2    50.2    50.0    49.0    48.0    47.3    47.0    95.1    90.1    88.1    87.6    85.1    76.5    72.3    67.7    66.7    61.8    80.7    72.1    75.0    67.7    71.1  2551.9
      22    19.3    35.2    34.2    37.7    36.3    38.3    37.1    44.4    54.6    46.6    51.3    18.2    23.5    21.5    25.1    22.2    26.4    24.4    26.2    28.2    30.9    34.0     0.0     3.0     2.2     3.6     5.8     7.0     8.2    29.2    20.1    20.2    18.4    17.3    18.8    15.1    17.0    14.3    16.1    62.1    57.1    55.1    54.0    52.1    47.9    45.2    40.2    39.4    35.5    63.0    55.1    59.5    49.7    57.4  1705.2
      23    16.6    32.3    31.3    34.7    33.4    35.4    34.1    41.5    51.7    43.9    48.5    15.3    20.6    18.8    22.4    19.8    23.9    23.5    25.5    28.0    29.7    33.4     3.0     0.0     5.1     5.8     5.0     7.6     9.4    32.0    17.5    17.5    21.2    17.0    17.7    15.8    15.8    14.0    14.9    62.0    57.0    55.0    54.2    52.0    46.5    43.6    38.6    37.7    33.6    60.5    52.5    56.8    47.2    54.6  1635.1
      24    21.5    37.4    36.4    39.8    38.5    40.4    39.1    46.1    56.3    48.1    52.8    20.1    25.3    23.1    26.6    23.3    27.7    24.2    26.0    27.5    30.9    33.5     2.2     5.1     0.0     2.0     6.4     6.3     7.0    27.7    22.4    22.5    17.0    18.7    20.6    16.0    18.9    15.8    18.0    63.2    58.2    56.2    55.0    53.2    49.7    47.2    42.2    41.4    37.5    65.2    57.3    61.7    52.0    59.6  1771.0
      25    22.4    37.9    37.0    40.3    38.8    40.8    39.3    45.7    55.9    47.4    52.2    20.0    25.1    22.6    26.0    22.4    26.9    22.4    24.2    25.5    29.2    31.6     3.6     5.8     2.0     0.0     5.4     4.5     5.0    28.7    23.3    23.3    18.0    20.6    22.4    18.0    20.6    17.7    19.7    65.2    60.2    58.2    57.0    55.2    51.5    48.8    43.8    43.0    39.1    66.3    58.3    62.6    53.0    60.4  1794.7
      26    19.2    34.0    33.1    36.1    34.5    36.4    34.7    40.4    50.6    42.1    46.8    15.1    20.0    17.3    20.6    17.0    21.5    18.7    20.6    23.0    25.1    28.4     5.8     5.0     6.4     5.4     0.0     3.6     5.8    34.0    20.5    20.0    23.3    22.0    22.6    20.6    20.6    19.0    19.6    67.0    62.0    60.0    59.2    57.0    51.1    47.9    42.9    42.1    37.7    63.4    55.2    59.4    50.0    56.8  1701.4
      27    22.8    37.6    36.7    39.6    37.9    39.8    38.1    43.2    53.3    44.4    49.2    18.4    23.1    20.0    23.2    19.0    23.8    17.9    19.7    21.2    24.7    27.2     7.0     7.6     6.3     4.5     3.6     0.0     2.2    32.4    24.1    23.6    22.0    24.2    25.3    22.1    23.4    21.2    22.5    69.1    64.1    62.1    61.0    59.1    54.1    51.1    46.1    45.3    41.0    67.0    58.8    63.0    53.6    60.4  1808.7
      28    25.0    39.8    38.9    41.8    40.2    42.1    40.3    45.1    55.2    46.1    51.0    20.6    25.2    22.0    25.1    20.6    25.5    18.0    19.7    20.6    25.0    26.9     8.2     9.4     7.0     5.0     5.8     2.2     0.0    31.4    26.2    25.8    21.2    25.5    26.9    23.0    25.1    22.6    24.2    70.2    65.2    63.2    62.0    60.2    55.9    53.0    48.0    47.2    43.0    69.2    61.0    65.2    55.8    62.6  1886.1
      29    45.2    61.0    60.0    64.1    63.3    65.3    64.6    73.4    83.5    75.8    80.4    47.1    52.5    50.7    54.2    51.0    55.5    48.8    50.2    49.2    55.9    56.2    29.2    32.0    27.7    28.7    34.0    32.4    31.4     0.0    45.0    46.2    10.8    30.6    35.5    25.3    35.2    30.1    35.1    59.2    54.9    53.3    49.7    50.8    58.8    59.0    54.6    54.2    52.5    83.2    76.7    81.6    71.4    80.8  2758.0
      30     2.0    16.0    15.0    19.1    18.4    20.4    20.2    32.0    41.3    36.8    40.4    12.0    14.9    17.1    19.6    22.0    22.6    33.5    35.4    39.9    37.3    43.2    20.1    17.5    22.4    23.3    20.5    24.1    26.2    45.0     0.0     2.2    35.1    17.0    12.8    20.9    11.7    15.8    11.2    55.1    50.3    48.4    49.2    45.5    33.4    29.1    24.5    23.5    18.7    43.0    35.0    39.4    29.7    37.3  1447.3
      31     1.0    15.1    14.1    18.0    17.1    19.1    18.7    30.0    39.4    34.7    38.3    10.0    12.6    15.0    17.5    20.0    20.4    32.0    33.8    38.5    35.5    41.5    20.2    17.5    22.5    23.3    20.0    23.6    25.8    46.2     2.2     0.0    36.0    18.9    14.9    22.5    13.6    17.5    13.0    57.3    52.5    50.6    51.5    47.8    35.2    30.8    26.3    25.3    20.4    43.4    35.2    39.4    30.0    37.2  1442.9
      32    35.0    51.0    50.0    54.0    53.0    55.0    54.2    62.6    72.8    65.0    69.6    36.4    41.8    39.9    43.5    40.3    44.7    39.1    40.6    40.3    46.1    47.2    18.4    21.2    17.0    18.0    23.3    22.0    21.2    10.8    35.1    36.0     0.0    22.4    26.9    17.0    26.2    21.2    26.0    58.5    53.9    52.0    49.3    49.2    53.2    52.4    47.7    47.2    44.7    75.0    68.0    72.8    62.6    71.6  2303.2
      33    18.0    32.0    31.0    35.4    35.1    37.0    37.2    48.8    58.3    53.2    57.0    25.0    29.7    30.2    33.6    33.5    36.1    40.3    42.3    45.0    46.1    50.2    17.3    17.0    18.7    20.6    22.0    24.2    25.5    30.6    17.0    18.9    22.4     0.0     5.0     5.4     5.4     3.0     5.8    45.0    40.0    38.0    37.3    35.0    32.0    30.5    25.6    25.0    22.4    52.8    46.1    51.0    40.8    50.2  1685.6
      34    14.1    27.2    26.2    30.7    30.5    32.3    32.6    44.8    54.1    49.5    53.2    22.4    26.6    27.7    30.9    31.6    33.5    40.0    42.0    45.3    45.3    50.0    18.8    17.7    20.6    22.4    22.6    25.3    26.9    35.5    12.8    14.9    26.9     5.0     0.0    10.2     2.0     5.8     3.0    45.3    40.3    38.3    38.3    35.4    29.2    26.9    21.9    21.2    18.0    48.1    41.2    46.1    35.9    45.3  1592.4
      35    21.5    36.5    35.5    39.8    39.3    41.2    41.1    52.0    61.7    55.8    59.9    26.9    32.0    31.8    35.4    34.4    37.5    39.3    41.2    43.3    45.5    49.0    15.1    15.8    16.0    18.0    20.6    22.1    23.0    25.3    20.9    22.5    17.0     5.4    10.2     0.0    10.0     5.1    10.0    47.3    42.3    40.3    39.0    37.3    36.8    35.6    30.8    30.2    27.7    58.2    51.4    56.3    46.1    55.4  1792.7
      36    12.8    26.7    25.7    30.1    29.7    31.6    31.8    43.6    53.0    48.1    51.9    20.6    25.0    25.9    29.2    29.7    31.8    38.0    40.0    43.3    43.3    48.0    17.0    15.8    18.9    20.6    20.6    23.4    25.1    35.2    11.7    13.6    26.2     5.4     2.0    10.0     0.0     5.1     1.0    47.3    42.3    40.3    40.3    37.3    30.9    28.4    23.4    22.7    19.2    48.8    41.8    46.6    36.4    45.5  1562.6
      37    16.6    31.4    30.4    34.7    34.2    36.1    36.1    47.2    56.8    51.2    55.2    22.7    27.6    27.8    31.2    30.9    33.6    37.3    39.3    42.0    43.2    47.3    14.3    14.0    15.8    17.7    19.0    21.2    22.6    30.1    15.8    17.5    21.2     3.0     5.8     5.1     5.1     0.0     5.0    48.0    43.0    41.0    40.3    38.0    34.4    32.5    27.6    26.9    23.9    53.9    46.8    51.7    41.5    50.6  1646.1
      38    12.2    26.5    25.5    29.8    29.4    31.3    31.4    43.0    52.5    47.4    51.2    19.7    24.2    25.1    28.3    28.8    30.9    37.0    39.0    42.3    42.3    47.0    16.1    14.9    18.0    19.7    19.6    22.5    24.2    35.1    11.2    13.0    26.0     5.8     3.0    10.0     1.0     5.0     0.0    48.3    43.3    41.3    41.2    38.3    31.8    29.2    24.2    23.4    19.8    49.2    42.1    46.8    36.7    45.7  1551.5
      39    57.0    61.4    60.9    64.7    65.9    66.9    69.0    83.2    90.1    89.4    91.8    66.7    69.9    72.0    74.7    76.5    77.6    85.1    87.1    90.0    90.6    95.1    62.1    62.0    63.2    65.2    67.0    69.1    70.2    59.2    55.1    57.3    58.5    45.0    45.3    47.3    47.3    48.0    48.3     0.0     5.0     7.0     9.4    10.0    28.3    34.0    35.2    36.1    40.3    57.3    57.0    61.0    54.5    64.0  3154.7
      40    52.2    57.1    56.6    60.5    61.6    62.7    64.7    78.9    86.0    85.0    87.5    61.8    65.1    67.2    69.9    71.6    72.8    80.2    82.2    85.0    85.6    90.1    57.1    57.0    58.2    60.2    62.0    64.1    65.2    54.9    50.3    52.5    53.9    40.0    40.3    42.3    42.3    43.0    43.3     5.0     0.0     2.0     5.8     5.0    25.0    30.5    31.2    32.0    36.1    55.0    54.1    58.3    51.2    61.0  2923.1
      41    50.3    55.5    54.9    58.8    59.9    61.0    63.0    77.2    84.4    83.2    85.8    59.9    63.2    65.3    68.0    69.6    70.9    78.2    80.2    83.0    83.6    88.1    55.1    55.0    56.2    58.2    60.0    62.1    63.2    53.3    48.4    50.6    52.0    38.0    38.3    40.3    40.3    41.0    41.3     7.0     2.0     0.0     5.1     3.0    23.9    29.2    29.7    30.5    34.4    54.2    53.0    57.3    50.0    59.9  2836.5
      42    51.1    57.6    57.0    61.1    62.0    63.3    65.0    79.1    86.7    84.9    87.7    60.4    64.1    65.8    68.7    69.9    71.5    77.6    79.6    82.2    83.4    87.6    54.0    54.2    55.0    57.0    59.2    61.0    62.0    49.7    49.2    51.5    49.3    37.3    38.3    39.0    40.3    40.3    41.2     9.4     5.8     5.1     0.0     5.4    27.7    32.8    32.6    33.3    36.8    58.5    56.8    61.3    53.5    63.6  2887.7
      43    47.4    53.0    52.4    56.4    57.4    58.6    60.5    74.6    82.0    80.6    83.2    57.0    60.4    62.4    65.1    66.7    68.0    75.2    77.2    80.0    80.6    85.1    52.1    52.0    53.2    55.2    57.0    59.1    60.2    50.8    45.5    47.8    49.2    35.0    35.4    37.3    37.3    38.0    38.3    10.0     5.0     3.0     5.4     0.0    22.4    27.5    27.6    28.3    32.0    53.1    51.5    55.9    48.3    58.3  2715.7
      44    35.4    34.8    34.5    37.7    39.2    39.9    42.4    56.6    62.6    63.2    65.0    45.3    47.0    50.1    52.0    55.2    55.0    66.7    68.7    72.8    70.7    76.5    47.9    46.5    49.7    51.5    51.1    54.1    55.9    58.8    33.4    35.2    53.2    32.0    29.2    36.8    30.9    34.4    31.8    28.3    25.0    23.9    27.7    22.4     0.0     5.8     9.0    10.0    15.0    31.0    29.2    33.5    26.2    36.1  2226.8
      45    31.0    29.1    28.9    32.0    33.5    34.2    36.7    50.9    56.8    57.6    59.2    40.8    42.1    45.4    47.1    50.6    50.1    62.6    64.6    68.9    66.3    72.3    45.2    43.6    47.2    48.8    47.9    51.1    53.0    59.0    29.1    30.8    52.4    30.5    26.9    35.6    28.4    32.5    29.2    34.0    30.5    29.2    32.8    27.5     5.8     0.0     5.0     5.8    10.4    27.2    24.2    28.8    20.8    30.9  2064.9
      46    26.5    26.4    26.0    29.5    30.9    31.8    34.0    48.3    54.9    54.8    56.8    36.3    38.0    41.1    43.0    46.3    46.0    58.0    59.9    64.2    61.8    67.7    40.2    38.6    42.2    43.8    42.9    46.1    48.0    54.6    24.5    26.3    47.7    25.6    21.9    30.8    23.4    27.6    24.2    35.2    31.2    29.7    32.6    27.6     9.0     5.0     0.0     1.0     6.0    30.0    25.7    30.6    21.5    32.0  1908.1
      47    25.5    25.5    25.1    28.7    30.0    30.9    33.1    47.4    54.1    53.9    55.9    35.4    37.0    40.1    42.0    45.3    45.0    57.0    58.9    63.2    60.8    66.7    39.4    37.7    41.4    43.0    42.1    45.3    47.2    54.2    23.5    25.3    47.2    25.0    21.2    30.2    22.7    26.9    23.4    36.1    32.0    30.5    33.3    28.3    10.0     5.8     1.0     0.0     5.0    30.1    25.5    30.4    21.2    31.6  1877.9
      48    20.6    21.1    20.6    24.4    25.6    26.6    28.7    42.9    50.0    49.2    51.5    30.4    32.0    35.1    37.0    40.3    40.0    52.2    54.1    58.5    55.9    61.8    35.5    33.6    37.5    39.1    37.7    41.0    43.0    52.5    18.7    20.4    44.7    22.4    18.0    27.7    19.2    23.9    19.8    40.3    36.1    34.4    36.8    32.0    15.0    10.4     6.0     5.0     0.0    30.8    25.0    30.0    20.1    30.4  1745.8
      49    44.2    31.4    32.0    31.4    33.6    32.6    35.8    46.1    47.0    53.0    52.2    50.9    49.2    53.4    53.3    58.6    55.8    72.6    74.2    79.6    73.8    80.7    63.0    60.5    65.2    66.3    63.4    67.0    69.2    83.2    43.0    43.4    75.0    52.8    48.1    58.2    48.8    53.9    49.2    57.3    55.0    54.2    58.5    53.1    31.0    27.2    30.0    30.1    30.8     0.0     8.6     7.0    13.5    12.0  2620.1
