 2401  1719  889.17419   74  172 1106.25154  773.00896  30.1%   193  201s
  2498  1787  920.64945   83  204 1106.25154  773.00896  30.1%   196  206s
  2555  1823  918.03575   88  191 1106.25154  773.00896  30.1%   196  210s
  2679  1916  949.27841   96  182 1106.25154  773.00896  30.1%   197  216s
  2807  1991  938.65498  108  197 1106.25154  773.00896  30.1%   199  221s
  2867  2041  951.14261  111  163 1106.25154  773.00896  30.1%   200  225s
  2938  2085  944.13550  116  172 1106.25154  773.00896  30.1%   202  233s
  3011  2133  956.46881  124  180 1106.25154  773.00896  30.1%   202  237s
  3094  2182  954.87860  129  222 1106.25154  773.00896  30.1%   202  241s
  3212  2189  970.01000  135  199 1106.25154  773.00896  30.1%   202  245s
H 3291  2157                    1104.8316223  773.00896  30.0%   202  248s
  3406  2190  973.38082  143  184 1104.83162  773.00896  30.0%   200  253s
  3487  2230  988.65680  153  215 1104.83162  773.00896  30.0%   202  257s
H 3564  2221                    1104.8316220  773.00896  30.0%   204  262s
H 3576  2159                    1104.8315702  773.00896  30.0%   204  262s
H 3610  2092                    1104.8315195  773.00896  30.0%   203  262s
  3683  2159 1068.21081  165  186 1104.83152  773.00896  30.0%   203  266s
  3856  2180 1048.54982  172  182 1104.83152  773.00896  30.0%   199  271s
  4034  2223 1040.79307  179  200 1104.83152  773.00896  30.0%   195  277s
  4162  2316 1055.72810  189  195 1104.83152  773.00896  30.0%   195  281s
  4308  2324 1102.93181  201  165 1104.83152  773.00896  30.0%   194  288s
H 4373  2246                    1103.8980685  773.00896  30.0%   194  288s
  4386  2362 1090.15371  224  161 1103.89807  774.42437  29.8%   194  294s
  4531  2485  850.76988   39  209 1103.89807  774.42437  29.8%   193  299s
  4708  2586  911.02522   66  190 1103.89807  774.42437  29.8%   190  305s
H 4737  2572                    1103.2675518  774.42437  29.8%   190  305s
  4891  2676  937.68872   95  169 1103.26755  774.42437  29.8%   187  317s
  5016  2776 1034.49983  129  177 1103.26755  774.42437  29.8%   186  324s
  5169  2879 1084.84282  176  130 1103.26755  774.88534  29.8%   187  330s
  5307  3204  826.09546   26  226 1103.26755  776.28411  29.6%   185  338s
  5669  3360  926.80090   98  178 1103.26755  776.28411  29.6%   179  345s
  5854  3624 1010.07375  143  201 1103.26755  776.28411  29.6%   178  353s
  6156  3765     cutoff  248      1103.26755  787.67394  28.6%   175  360s
  6328  4049  983.37253   51  182 1103.26755  787.70950  28.6%   174  368s
  6623  4396  809.10570   16  232 1103.26755  787.70950  28.6%   172  377s
  7043  4724  923.30979   72  183 1103.26755  787.70950  28.6%   168  386s
  7379  5013  982.18967  198  142 1103.26755  787.70950  28.6%   165  396s
  7714  5330 1063.81009  304  167 1103.26755  792.24889  28.2%   163  406s
  8090  5607 1021.57896   67  160 1103.26755  792.92512  28.1%   161  415s
  8422  5985 1005.06757   65  121 1103.26755  793.32764  28.1%   159  426s
  8853  6547 1008.64014  119  146 1103.26755  793.99108  28.0%   158  438s
  9463  6845  866.09413   28  202 1103.26755  794.48747  28.0%   152  449s
  9805  6953  932.06957   65  207 1103.26755  794.48747  28.0%   153  460s
H 9866  6953                    1103.2675386  794.48747  28.0%   154  460s
H 9916  7439                    1103.2675193  794.48747  28.0%   153  472s
H10066  7439                    1103.2675118  794.48747  28.0%   155  472s
H10273  7439                    1103.2675060  794.48747  28.0%   153  472s
 10425  7811 infeasible  120      1103.26751  794.48747  28.0%   152  487s
H10426  7811                    1103.2675019  794.48747  28.0%   151  487s
H10593  7811                    1103.2674993  794.48747  28.0%   151  487s
H10799  7811                    1103.2674985  794.48747  28.0%   152  487s
 10929  8125 1062.39953  205  115 1103.26750  794.48747  28.0%   152  499s
 11347  8356  897.63235   40  180 1103.26750  794.85973  28.0%   152  512s
 11625  9038  967.96502  110  103 1103.26750  794.85973  28.0%   152  524s
 12542  9560  944.93566   41  169 1103.26750  799.62033  27.5%   146  535s
 13110  9869  921.26621   30  214 1103.26750  799.62033  27.5%   143  544s
 13470  9995  910.92708   56  174 1103.26750  799.62033  27.5%   143  552s
 13631 10330  950.55311   77  135 1103.26750  799.62033  27.5%   143  561s
 14004 10496 1039.55877  145  103 1103.26750  799.62033  27.5%   144  571s
 14231 10796 1044.59582  206   63 1103.26750  800.35743  27.5%   144  581s
 14785 11046  847.15206   40  253 1103.26750  800.43071  27.4%   143  589s
 15120 11436  961.77293   47  205 1103.26750  800.69606  27.4%   143  599s
 15816 11679  914.93910   29  246 1103.26750  800.69606  27.4%   140  608s
 16072 12164 1001.04892   77  162 1103.26750  801.41139  27.4%   140  618s
 16662 12428  839.51625   19  282 1103.26750  801.70653  27.3%   138  628s
 16974 12627 1025.17912  103  119 1103.26750  802.43009  27.3%   137  637s
H17147 12627                    1103.2674975  802.84544  27.2%   137  637s
H17162 12627                    1103.2674868  803.24612  27.2%   137  637s
H17178 12627                    1103.2674837  803.24612  27.2%   137  637s
 17225 12951  976.21389   47  202 1103.26748  803.37196  27.2%   137  647s
 17619 13255  841.17160   23  269 1103.26748  803.37196  27.2%   137  656s
 17987 13472 1043.00749   89  123 1103.26748  806.06419  26.9%   136  664s
 18240 13748  973.55628   42  175 1103.26748  806.60580  26.9%   136  673s
 18530 14060  937.83240   27  206 1103.26748  806.62379  26.9%   136  683s
 18878 14429  837.55088   20  237 1103.26748  806.62379  26.9%   136  693s
 19259 14753  926.94142   55  168 1103.26748  806.62379  26.9%   136  703s
 19686 15054  985.45686  100   97 1103.26748  806.62379  26.9%   136  712s
H20059 15305                    1103.2674737  806.62379  26.9%   137  721s
 20331 15638 1027.07589  218   66 1103.26747  807.52650  26.8%   137  731s
 20847 15639  984.78315  105  164 1103.26747  807.92429  26.8%   137  842s
 20849 15640 1084.65780  206  140 1103.26747  807.92429  26.8%   137  845s
 20851 15642 1021.96797   60  192 1103.26747  807.92429  26.8%   137  852s
 20854 15644 1070.24977  111  265 1103.26747  807.92429  26.8%   137  856s
H20855 14861                    1102.3168294  807.92429  26.7%   137  859s
H20856 14119                    1099.3249641  807.92429  26.5%   137  860s
 20862 14123  979.23519  137  338 1099.32496  807.92429  26.5%   136  868s
H20864 13417                    1098.6597014  807.92429  26.5%   136  869s
 20866 13419 1000.86157  157  396 1098.65970  807.92429  26.5%   136  872s
 20867 13419  946.82514  120  344 1098.65970  818.36333  25.5%   136  879s
 20868 13420  880.07766   19  328 1098.65970  824.95608  24.9%   136  880s
 20872 13423  962.88592   42  341 1098.65970  827.16504  24.7%   136  887s
 20876 13425 1018.33841  108  441 1098.65970  831.81411  24.3%   136  892s
 20877 13426  841.00932   47  406 1098.65970  841.00932  23.5%   136  897s
 20880 13428  996.35411   69  469 1098.65970  842.05993  23.4%   136  901s
 20881 13429  956.48911   73  443 1098.65970  843.61557  23.2%   136  905s
H20884 12759                    1097.8998173  847.49778  22.8%   136  917s
H20886 12121                    1097.2546998  848.80110  22.6%   136  918s
 20889 12123  891.68582   25  524 1097.25470  849.22086  22.6%   136  922s
 20890 12124  982.33259   34  452 1097.25470  852.92265  22.3%   136  929s
H20890 11518                    1094.7732778  852.92265  22.1%   136  930s
 20894 11520 1073.38653  329  568 1094.77328  854.26396  22.0%   136  935s
 20895 11521 1083.15740  246  530 1094.77328  855.54639  21.9%   136  940s
 20900 11524  967.14161   27  524 1094.77328  857.35138  21.7%   136  946s
H20900 10946                    1094.7732562  857.35138  21.7%   136  950s
H20901 10399                    1094.7732556  857.72090  21.7%   136  951s
H20902  9879                    1094.7732551  857.87555  21.6%   136  952s
H20902  9384                    1094.7732545  857.92696  21.6%   136  955s
H20903  8914                    1094.7732539  857.92696  21.6%   136  959s
H20903  8467                    1094.7732536  857.92696  21.6%   136  959s
H20903  8043                    1094.7732281  857.92696  21.6%   136  959s
 20904  8044  956.79592   26  532 1094.77323  858.20700  21.6%   136  962s
 20905  8045 1094.77323  269  570 1094.77323  858.26003  21.6%   136  965s
 20906  8045  987.90232  132  539 1094.77323  858.69663  21.6%   136  972s
 20909  8047 1033.80842  148  569 1094.77323  859.02315  21.5%   136  977s
 20910  8048 1038.30007  245  508 1094.77323  859.28142  21.5%   136  985s
H20910  7645                    1094.7732238  859.28142  21.5%   136  985s
 20912  7646 1054.38117  193  477 1094.77322  859.57605  21.5%   136  993s
 20913  7647  944.63794  107  474 1094.77322  859.59868  21.5%   136  996s
H20913  7263                    1094.7731784  859.59868  21.5%   136 1002s
 20916  7265 1055.84777   72  511 1094.77318  860.75571  21.4%   136 1005s
 20918  7266 1035.58339  240  524 1094.77318  870.03032  20.5%   136 1017s
 20921  7268 1034.36146  162  488 1094.77318  871.57392  20.4%   136 1023s
 20922  7269  957.23414   90  524 1094.77318  871.67342  20.4%   136 1031s
 20923  7270  991.38733   58  533 1094.77318  871.69644  20.4%   136 1035s
 20925  7271 1031.92691   56  604 1094.77318  871.71023  20.4%   136 1042s
H20925  6906                    1091.9912149  871.71023  20.2%   136 1046s
 20926  6907  979.10321   44  557 1091.99121  871.81788  20.2%   136 1050s
 20928  6908 1019.56864  194  577 1091.99121  871.90459  20.2%   136 1057s
 20929  6909  993.15333   42  631 1091.99121  871.93636  20.2%   136 1061s
 20930  6909 1016.88822   93  614 1091.99121  871.94683  20.2%   136 1067s
H20930  6562                    1090.0163243  871.94683  20.0%   136 1067s
 20931  6563  980.46935   90  701 1090.01632  871.94902  20.0%   136 1071s
 20932  6564  949.28161  145  596 1090.01632  872.07886  20.0%   136 1076s
 20933  6564  950.90917   63  640 1090.01632  872.09990  20.0%   136 1080s
 20935  6566  872.10417   73  664 1090.01632  872.10417  20.0%   136 1088s
 20936  6566  872.10446   20  597 1090.01632  872.10446  20.0%   136 1093s
 20938  6568 1078.47588  159  680 1090.01632  872.18903  20.0%   136 1098s
 20939  6568  977.22428   50  584 1090.01632  872.18903  20.0%   136 1104s
 20940  6569 1051.82650  211  637 1090.01632  872.19756  20.0%   136 1109s
 20941  6570  898.22111   48  528 1090.01632  872.20026  20.0%   136 1115s
 20943  6571  955.22249   25  616 1090.01632  872.28405  20.0%   136 1122s
 20944  6572 1058.86625  142  691 1090.01632  872.28983  20.0%   136 1126s
 20945  6572 1022.14999   76  566 1090.01632  872.39048  20.0%   136 1131s
 20947  6574  984.78315  105  609 1090.01632  872.44606  20.0%   136 1140s
 20949  6575 1084.65780  206  675 1090.01632  872.44767  20.0%   136 1149s
 20950  6576 1084.94823  133  757 1090.01632  872.44780  20.0%   136 1152s
 20951  6576 1021.96797   60  620 1090.01632  872.54941  20.0%   136 1160s
 20953  6578 1005.05774  130  576 1090.01632  872.66049  19.9%   136 1172s
 20954  6578 1070.24977  111  689 1090.01632  872.66049  19.9%   136 1175s
 20955  6579 1004.96448  213  545 1090.01632  872.73685  19.9%   136 1183s
 20956  6580  881.31440   39  651 1090.01632  872.75480  19.9%   136 1186s
H20956  6250                    1089.6140458  872.76285  19.9%   136 1193s
 20958  6251  872.81364   20  617 1089.61405  872.81364  19.9%   136 1197s
 20959  6252  968.49546  112  645 1089.61405  872.82010  19.9%   136 1201s
 20960  6252  927.34153  143  643 1089.61405  872.85949  19.9%   136 1205s
 20962  6254  979.23519  137  691 1089.61405  872.92770  19.9%   136 1213s
 20963  6254 1057.28513  156  540 1089.61405  873.03627  19.9%   136 1220s
 20965  6256  907.37684   23  574 1089.61405  873.04527  19.9%   136 1230s
 20967  6257  946.82514  120  569 1089.61405  873.05836  19.9%   136 1239s
 20968  6258  880.07766   19  650 1089.61405  873.05836  19.9%   136 1243s
 20969  6258  942.44796  110  644 1089.61405  873.06530  19.9%   136 1247s
 20970  6259  935.54077   74  668 1089.61405  873.06530  19.9%   136 1251s
 20971  6260  999.42109  139  618 1089.61405  873.06530  19.9%   136 1257s
 20972  6260  962.88592   42  701 1089.61405  873.06530  19.9%   136 1261s
 20973  6261 1076.73640  180  637 1089.61405  873.08686  19.9%   136 1266s
 20974  6262  885.53633   42  652 1089.61405  873.08686  19.9%   136 1270s
 20975  6262  896.97684   51  627 1089.61405  873.08686  19.9%   136 1275s
 20976  6263 1018.33841  108  747 1089.61405  873.08686  19.9%   136 1280s
 20977  6264  873.10677   47  644 1089.61405  873.10677  19.9%   136 1285s
 20979  6265  919.89520   86  658 1089.61405  873.10905  19.9%   136 1293s
 20980  6266  996.35411   69  691 1089.61405  873.10905  19.9%   136 1297s
 20981  6266  956.48911   73  626 1089.61405  873.11067  19.9%   136 1302s
 20982  6267  885.44272   37  692 1089.61405  873.11067  19.9%   136 1305s
H20982  5951                    1089.4389249  873.11067  19.9%   136 1309s
 20984  5952 1004.17535   74  649 1089.43892  873.11067  19.9%   136 1312s
 20985  5953  873.11067   21  638 1089.43892  873.11067  19.9%   136 1317s
 20986  5954 1051.27971  137  710 1089.43892  873.11067  19.9%   136 1320s
 20987  5954  929.21457   74  578 1089.43892  873.20263  19.8%   136 1325s
 20990  5956  982.33259   34  626 1089.43892  874.00433  19.8%   136 1336s
 20991  5957 1030.65217   94  631 1089.43892  874.06307  19.8%   136 1340s
 20992  5958 1029.01393   80  634 1089.43892  874.08079  19.8%   136 1345s
 20994  5959 1073.38653  329  609 1089.43892  874.11466  19.8%   136 1355s
 20996  5960  941.85372   86  641 1089.43892  874.12469  19.8%   136 1365s
 20998  5962 1040.89556   43  564 1089.43892  875.75567  19.6%   136 1374s
 20999  5962  992.46824   61  613 1089.43892  875.78164  19.6%   136 1377s
 21000  5963  967.14161   27  613 1089.43892  875.86620  19.6%   136 1381s
 21002  5964 1035.52867  237  610 1089.43892  875.87082  19.6%   136 1389s
 21003  5965 1029.29148  190  663 1089.43892  875.88601  19.6%   136 1393s
H21003  5664                    1083.1298309  875.88601  19.1%   136 1398s
 21004  5665  956.79592   26  597 1083.12983  875.89781  19.1%   136 1400s
 21006  5666  987.90232  132  624 1083.12983  875.93975  19.1%   136 1412s
 21007  5667  911.19973   66  678 1083.12983  875.93975  19.1%   136 1416s
 21008  5667  875.95777  102  646 1083.12983  875.95777  19.1%   136 1423s
 21009  5668 1033.80842  148  646 1083.12983  875.95777  19.1%   136 1426s
 21010  5669 1038.30007  245  609 1083.12983  875.95833  19.1%   136 1433s
 21011  5669  993.41071  101  637 1083.12983  875.95833  19.1%   136 1436s
 21012  5670 1054.38117  193  625 1083.12983  875.95907  19.1%   136 1441s
 21014  5671  951.34776   30  600 1083.12983  875.95907  19.1%   136 1449s
 21015  5672  914.11721   47  673 1083.12983  875.95907  19.1%   136 1453s
 21016  5673 1055.84777   72  645 1083.12983  875.95907  19.1%   135 1457s
 21017  5673 1049.32222  240  611 1083.12983  875.95907  19.1%   135 1461s
 21018  5674 1035.58339  240  665 1083.12983  875.96101  19.1%   135 1465s
 21020  5675  940.04474   28  663 1083.12983  875.96101  19.1%   135 1475s
 21022  5677  957.23414   90  642 1083.12983  875.96101  19.1%   135 1486s
 21024  5678 1025.72215  237  656 1083.12983  875.96101  19.1%   135 1513s
 21025  5679 1031.92691   56  625 1083.12983  875.96101  19.1%   135 1520s
 21026  5679  979.10321   44  625 1083.12983  875.96101  19.1%   135 1528s
 21027  5683  876.55275   21  586 1083.12983  875.96101  19.1%   153 1567s
 21029  5686  876.93281   22  520 1083.12983  876.79480  19.0%   153 1628s
 21033  5689  877.37971   23  576 1083.12983  877.37971  19.0%   154 1694s
 21037  5692  885.29248   23  530 1083.12983  877.37971  19.0%   154 1725s
 21041  5694  878.88384   24  497 1083.12983  877.37971  19.0%   155 1736s
 21045  5697  878.01652   24  503 1083.12983  878.01652  18.9%   155 1749s
 21049  5702  878.72266   25  579 1083.12983  878.72266  18.9%   156 1761s
 21055  5705  889.46604   25  564 1083.12983  878.72266  18.9%   157 1771s
 21062  5708  879.52376   26  542 1083.12983  878.72266  18.9%   157 1778s
 21068  5712  890.64503   26  520 1083.12983  878.88384  18.9%   157 1787s
 21076  5718  891.97546   28  459 1083.12983  878.88384  18.9%   158 1796s
 21086  5719 infeasible   29      1083.12983  878.88384  18.9%   158 1800s
21062  5708  879.52376   26  542 1083.12983  878.72266  18.9%   157 1778s
 21068  5712  890.64503   26  520 1083.12983  878.88384  18.9%   157 1787s
 21076  5718  891.97546   28  459 1083.12983  878.88384  18.9%   158 1796s
 21086  5719 infeasible   29      1083.12983  878.88384  18.9%   158 1800s

Cutting planes:
  Gomory: 64
  Lift-and-project: 213
  Implied bound: 112
  Projected implied bound: 3
  Clique: 75
  MIR: 18
  Flow cover: 234
  Zero half: 10
  RLT: 19
  Relax-and-lift: 1

Explored 21093 nodes (3372477 simplex iterations) in 1800.06 seconds (1695.55 work units)
Thread count was 8 (of 8 available processors)

Solution count 10: 1083.13 1089.44 1089.61 ... 1099.32

Time limit reached
Best objective 1.083129830884e+03, best bound 8.788838413018e+02, gap 18.8570%

--------------------------------------------------------------------


No feasible solution found

READY

Distance matrix:
               0       1       2       3       4       5       6       7       8       9      10      11      12      13      14      15      16      17      18      19      20      21      22      23      24      25      26      27      28      29      30      31      32      33      34      35      36      37      38      39      40      41      42      43      44      45      46      47      48      49      50      51      52      53
       0     0.0    16.1    15.1    19.0    18.1    20.1    19.6    30.8    40.3    35.4    39.1    10.0    13.0    15.1    17.7    20.0    20.6    31.6    33.5    38.1    35.4    41.2    19.3    16.6    21.5    22.4    19.2    22.8    25.0    45.2     2.0     1.0    35.0    18.0    14.1    21.5    12.8    16.6    12.2    57.0    52.2    50.3    51.1    47.4    35.4    31.0    26.5    25.5    20.6    44.2    36.1    40.3    30.8    38.1  1441.6
       1    16.1     0.0     1.0     3.6     4.5     5.7     7.6    21.9    29.1    28.5    30.4    20.0    17.8    22.0    22.0    27.2    24.6    41.2    42.8    48.3    42.5    49.4    35.2    32.3    37.4    37.9    34.0    37.6    39.8    61.0    16.0    15.1    51.0    32.0    27.2    36.5    26.7    31.4    26.5    61.4    57.1    55.5    57.6    53.0    34.8    29.1    26.4    25.5    21.1    31.4    22.8    26.2    18.4    23.0  1627.1
       2    15.1     1.0     0.0     4.5     5.0     6.4     8.1    22.4    29.7    28.8    30.9    19.2    17.2    21.4    21.5    26.6    24.2    40.6    42.2    47.6    42.1    48.9    34.2    31.3    36.4    37.0    33.1    36.7    38.9    60.0    15.0    14.1    50.0    31.0    26.2    35.5    25.7    30.4    25.5    60.9    56.6    54.9    57.0    52.4    34.5    28.9    26.0    25.1    20.6    32.0    23.4    26.9    18.9    23.9  1606.5
       3    19.0     3.6     4.5     0.0     2.2     2.2     5.0    19.0    25.6    25.7    27.3    21.5    18.4    22.7    22.0    27.6    24.4    41.7    43.2    48.8    42.4    49.4    37.7    34.7    39.8    40.3    36.1    39.6    41.8    64.1    19.1    18.0    54.0    35.4    30.7    39.8    30.1    34.7    29.8    64.7    60.5    58.8    61.1    56.4    37.7    32.0    29.5    28.7    24.4    31.4    22.8    25.6    19.0    21.9  1696.3
       4    18.1     4.5     5.0     2.2     0.0     2.0     3.2    17.5    24.8    24.0    25.9    19.7    16.4    20.6    19.8    25.5    22.2    39.6    41.0    46.7    40.2    47.2    36.3    33.4    38.5    38.8    34.5    37.9    40.2    63.3    18.4    17.1    53.0    35.1    30.5    39.3    29.7    34.2    29.4    65.9    61.6    59.9    62.0    57.4    39.2    33.5    30.9    30.0    25.6    33.6    25.1    27.8    21.2    24.0  1673.5
       5    20.1     5.7     6.4     2.2     2.0     0.0     3.2    16.8    23.4    23.5    25.1    21.5    18.0    22.2    21.2    26.9    23.4    41.0    42.4    48.1    41.4    48.4    38.3    35.4    40.4    40.8    36.4    39.8    42.1    65.3    20.4    19.1    55.0    37.0    32.3    41.2    31.6    36.1    31.3    66.9    62.7    61.0    63.3    58.6    39.9    34.2    31.8    30.9    26.6    32.6    24.2    26.6    20.6    22.7  1728.3
       6    19.6     7.6     8.1     5.0     3.2     3.2     0.0    14.3    21.9    20.9    22.8    19.6    15.7    19.7    18.4    24.2    20.5    38.3    39.6    45.3    38.4    45.5    37.1    34.1    39.1    39.3    34.7    38.1    40.3    64.6    20.2    18.7    54.2    37.2    32.6    41.1    31.8    36.1    31.4    69.0    64.7    63.0    65.0    60.5    42.4    36.7    34.0    33.1    28.7    35.8    27.3    29.7    23.8    25.6  1721.5
       7    30.8    21.9    22.4    19.0    17.5    16.8    14.3     0.0    10.2     7.0     8.6    26.2    20.9    23.2    20.0    25.1    20.1    37.0    37.7    43.5    34.5    41.3    44.4    41.5    46.1    45.7    40.4    43.2    45.1    73.4    32.0    30.0    62.6    48.8    44.8    52.0    43.6    47.2    43.0    83.2    78.9    77.2    79.1    74.6    56.6    50.9    48.3    47.4    42.9    46.1    38.3    39.3    36.0    34.5  2115.2
       8    40.3    29.1    29.7    25.6    24.8    23.4    21.9    10.2     0.0    11.2     7.1    36.4    31.0    33.4    30.1    35.0    30.0    46.1    46.6    52.2    42.7    49.2    54.6    51.7    56.3    55.9    50.6    53.3    55.2    83.5    41.3    39.4    72.8    58.3    54.1    61.7    53.0    56.8    52.5    90.1    86.0    84.4    86.7    82.0    62.6    56.8    54.9    54.1    50.0    47.0    40.3    40.0    39.3    35.0  2516.6
       9    35.4    28.5    28.8    25.7    24.0    23.5    20.9     7.0    11.2     0.0     5.0    29.2    23.9    25.1    21.5    25.5    20.6    35.4    35.7    41.2    31.6    38.1    46.6    43.9    48.1    47.4    42.1    44.4    46.1    75.8    36.8    34.7    65.0    53.2    49.5    55.8    48.1    51.2    47.4    89.4    85.0    83.2    84.9    80.6    63.2    57.6    54.8    53.9    49.2    53.0    45.3    46.1    43.0    41.2  2304.1
      10    39.1    30.4    30.9    27.3    25.9    25.1    22.8     8.6     7.1     5.0     0.0    33.5    28.2    29.7    26.2    30.4    25.5    40.3    40.6    46.1    36.4    42.7    51.3    48.5    52.8    52.2    46.8    49.2    51.0    80.4    40.4    38.3    69.6    57.0    53.2    59.9    51.9    55.2    51.2    91.8    87.5    85.8    87.7    83.2    65.0    59.2    56.8    55.9    51.5    52.2    45.0    45.3    43.3    40.3  2461.2
      11    10.0    20.0    19.2    21.5    19.7    21.5    19.6    26.2    36.4    29.2    33.5     0.0     5.4     5.4     8.6    10.0    11.2    22.4    24.2    29.2    25.5    31.6    18.2    15.3    20.1    20.0    15.1    18.4    20.6    47.1    12.0    10.0    36.4    25.0    22.4    26.9    20.6    22.7    19.7    66.7    61.8    59.9    60.4    57.0    45.3    40.8    36.3    35.4    30.4    50.9    42.4    46.1    37.5    43.0  1515.0
      12    13.0    17.8    17.2    18.4    16.4    18.0    15.7    20.9    31.0    23.9    28.2     5.4     0.0     4.2     5.0     9.4     8.0    23.4    25.0    30.5    25.1    31.8    23.5    20.6    25.3    25.1    20.0    23.1    25.2    52.5    14.9    12.6    41.8    29.7    26.6    32.0    25.0    27.6    24.2    69.9    65.1    63.2    64.1    60.4    47.0    42.1    38.0    37.0    32.0    49.2    40.6    43.9    36.1    40.4  1567.1
      13    15.1    22.0    21.4    22.7    20.6    22.2    19.7    23.2    33.4    25.1    29.7     5.4     4.2     0.0     3.6     5.4     5.8    19.2    20.8    26.2    21.2    27.7    21.5    18.8    23.1    22.6    17.3    20.0    22.0    50.7    17.1    15.0    39.9    30.2    27.7    31.8    25.9    27.8    25.1    72.0    67.2    65.3    65.8    62.4    50.1    45.4    41.1    40.1    35.1    53.4    44.8    48.1    40.2    44.6  1607.0
      14    17.7    22.0    21.5    22.0    19.8    21.2    18.4    20.0    30.1    21.5    26.2     8.6     5.0     3.6     0.0     5.8     3.0    19.8    21.2    26.9    20.6    27.5    25.1    22.4    26.6    26.0    20.6    23.2    25.1    54.2    19.6    17.5    43.5    33.6    30.9    35.4    29.2    31.2    28.3    74.7    69.9    68.0    68.7    65.1    52.0    47.1    43.0    42.0    37.0    53.3    44.7    47.6    40.3    43.9  1672.2
      15    20.0    27.2    26.6    27.6    25.5    26.9    24.2    25.1    35.0    25.5    30.4    10.0     9.4     5.4     5.8     0.0     5.0    14.1    15.6    21.2    15.8    22.4    22.2    19.8    23.3    22.4    17.0    19.0    20.6    51.0    22.0    20.0    40.3    33.5    31.6    34.4    29.7    30.9    28.8    76.5    71.6    69.6    69.9    66.7    55.2    50.6    46.3    45.3    40.3    58.6    50.0    53.2    45.5    49.5  1734.2
      16    20.6    24.6    24.2    24.4    22.2    23.4    20.5    20.1    30.0    20.6    25.5    11.2     8.0     5.8     3.0     5.0     0.0    18.0    19.2    25.0    18.0    25.0    26.4    23.9    27.7    26.9    21.5    23.8    25.5    55.5    22.6    20.4    44.7    36.1    33.5    37.5    31.8    33.6    30.9    77.6    72.8    70.9    71.5    68.0    55.0    50.1    46.0    45.0    40.0    55.8    47.2    50.0    42.9    46.1  1755.6
      17    31.6    41.2    40.6    41.7    39.6    41.0    38.3    37.0    46.1    35.4    40.3    22.4    23.4    19.2    19.8    14.1    18.0     0.0     2.0     7.1     7.1    10.0    24.4    23.5    24.2    22.4    18.7    17.9    18.0    48.8    33.5    32.0    39.1    40.3    40.0    39.3    38.0    37.3    37.0    85.1    80.2    78.2    77.6    75.2    66.7    62.6    58.0    57.0    52.2    72.6    64.0    67.3    59.4    63.6  2130.1
      18    33.5    42.8    42.2    43.2    41.0    42.4    39.6    37.7    46.6    35.7    40.6    24.2    25.0    20.8    21.2    15.6    19.2     2.0     0.0     5.8     5.8     8.0    26.2    25.5    26.0    24.2    20.6    19.7    19.7    50.2    35.4    33.8    40.6    42.3    42.0    41.2    40.0    39.3    39.0    87.1    82.2    80.2    79.6    77.2    68.7    64.6    59.9    58.9    54.1    74.2    65.6    68.8    61.0    65.1  2206.0
      19    38.1    48.3    47.6    48.8    46.7    48.1    45.3    43.5    52.2    41.2    46.1    29.2    30.5    26.2    26.9    21.2    25.0     7.1     5.8     0.0    10.0     7.1    28.2    28.0    27.5    25.5    23.0    21.2    20.6    49.2    39.9    38.5    40.3    45.0    45.3    43.3    43.3    42.0    42.3    90.0    85.0    83.0    82.2    80.0    72.8    68.9    64.2    63.2    58.5    79.6    71.1    74.3    66.4    70.7  2407.9
      20    35.4    42.5    42.1    42.4    40.2    41.4    38.4    34.5    42.7    31.6    36.4    25.5    25.1    21.2    20.6    15.8    18.0     7.1     5.8    10.0     0.0     7.1    30.9    29.7    30.9    29.2    25.1    24.7    25.0    55.9    37.3    35.5    46.1    46.1    45.3    45.5    43.3    43.2    42.3    90.6    85.6    83.6    83.4    80.6    70.7    66.3    61.8    60.8    55.9    73.8    65.2    68.0    60.9    64.0  2290.9
      21    41.2    49.4    48.9    49.4    47.2    48.4    45.5    41.3    49.2    38.1    42.7    31.6    31.8    27.7    27.5    22.4    25.0    10.0     8.0     7.1     7.1     0.0    34.0    33.4    33.5    31.6    28.4    27.2    26.9    56.2    43.2    41.5    47.2    50.2    50.0    49.0    48.0    47.3    47.0    95.1    90.1    88.1    87.6    85.1    76.5    72.3    67.7    66.7    61.8    80.7    72.1    75.0    67.7    71.1  2551.9
      22    19.3    35.2    34.2    37.7    36.3    38.3    37.1    44.4    54.6    46.6    51.3    18.2    23.5    21.5    25.1    22.2    26.4    24.4    26.2    28.2    30.9    34.0     0.0     3.0     2.2     3.6     5.8     7.0     8.2    29.2    20.1    20.2    18.4    17.3    18.8    15.1    17.0    14.3    16.1    62.1    57.1    55.1    54.0    52.1    47.9    45.2    40.2    39.4    35.5    63.0    55.1    59.5    49.7    57.4  1705.2
      23    16.6    32.3    31.3    34.7    33.4    35.4    34.1    41.5    51.7    43.9    48.5    15.3    20.6    18.8    22.4    19.8    23.9    23.5    25.5    28.0    29.7    33.4     3.0     0.0     5.1     5.8     5.0     7.6     9.4    32.0    17.5    17.5    21.2    17.0    17.7    15.8    15.8    14.0    14.9    62.0    57.0    55.0    54.2    52.0    46.5    43.6    38.6    37.7    33.6    60.5    52.5    56.8    47.2    54.6  1635.1
      24    21.5    37.4    36.4    39.8    38.5    40.4    39.1    46.1    56.3    48.1    52.8    20.1    25.3    23.1    26.6    23.3    27.7    24.2    26.0    27.5    30.9    33.5     2.2     5.1     0.0     2.0     6.4     6.3     7.0    27.7    22.4    22.5    17.0    18.7    20.6    16.0    18.9    15.8    18.0    63.2    58.2    56.2    55.0    53.2    49.7    47.2    42.2    41.4    37.5    65.2    57.3    61.7    52.0    59.6  1771.0
      25    22.4    37.9    37.0    40.3    38.8    40.8    39.3    45.7    55.9    47.4    52.2    20.0    25.1    22.6    26.0    22.4    26.9    22.4    24.2    25.5    29.2    31.6     3.6     5.8     2.0     0.0     5.4     4.5     5.0    28.7    23.3    23.3    18.0    20.6    22.4    18.0    20.6    17.7    19.7    65.2    60.2    58.2    57.0    55.2    51.5    48.8    43.8    43.0    39.1    66.3    58.3    62.6    53.0    60.4  1794.7
      26    19.2    34.0    33.1    36.1    34.5    36.4    34.7    40.4    50.6    42.1    46.8    15.1    20.0    17.3    20.6    17.0    21.5    18.7    20.6    23.0    25.1    28.4     5.8     5.0     6.4     5.4     0.0     3.6     5.8    34.0    20.5    20.0    23.3    22.0    22.6    20.6    20.6    19.0    19.6    67.0    62.0    60.0    59.2    57.0    51.1    47.9    42.9    42.1    37.7    63.4    55.2    59.4    50.0    56.8  1701.4
      27    22.8    37.6    36.7    39.6    37.9    39.8    38.1    43.2    53.3    44.4    49.2    18.4    23.1    20.0    23.2    19.0    23.8    17.9    19.7    21.2    24.7    27.2     7.0     7.6     6.3     4.5     3.6     0.0     2.2    32.4    24.1    23.6    22.0    24.2    25.3    22.1    23.4    21.2    22.5    69.1    64.1    62.1    61.0    59.1    54.1    51.1    46.1    45.3    41.0    67.0    58.8    63.0    53.6    60.4  1808.7
      28    25.0    39.8    38.9    41.8    40.2    42.1    40.3    45.1    55.2    46.1    51.0    20.6    25.2    22.0    25.1    20.6    25.5    18.0    19.7    20.6    25.0    26.9     8.2     9.4     7.0     5.0     5.8     2.2     0.0    31.4    26.2    25.8    21.2    25.5    26.9    23.0    25.1    22.6    24.2    70.2    65.2    63.2    62.0    60.2    55.9    53.0    48.0    47.2    43.0    69.2    61.0    65.2    55.8    62.6  1886.1
      29    45.2    61.0    60.0    64.1    63.3    65.3    64.6    73.4    83.5    75.8    80.4    47.1    52.5    50.7    54.2    51.0    55.5    48.8    50.2    49.2    55.9    56.2    29.2    32.0    27.7    28.7    34.0    32.4    31.4     0.0    45.0    46.2    10.8    30.6    35.5    25.3    35.2    30.1    35.1    59.2    54.9    53.3    49.7    50.8    58.8    59.0    54.6    54.2    52.5    83.2    76.7    81.6    71.4    80.8  2758.0
      30     2.0    16.0    15.0    19.1    18.4    20.4    20.2    32.0    41.3    36.8    40.4    12.0    14.9    17.1    19.6    22.0    22.6    33.5    35.4    39.9    37.3    43.2    20.1    17.5    22.4    23.3    20.5    24.1    26.2    45.0     0.0     2.2    35.1    17.0    12.8    20.9    11.7    15.8    11.2    55.1    50.3    48.4    49.2    45.5    33.4    29.1    24.5    23.5    18.7    43.0    35.0    39.4    29.7    37.3  1447.3
      31     1.0    15.1    14.1    18.0    17.1    19.1    18.7    30.0    39.4    34.7    38.3    10.0    12.6    15.0    17.5    20.0    20.4    32.0    33.8    38.5    35.5    41.5    20.2    17.5    22.5    23.3    20.0    23.6    25.8    46.2     2.2     0.0    36.0    18.9    14.9    22.5    13.6    17.5    13.0    57.3    52.5    50.6    51.5    47.8    35.2    30.8    26.3    25.3    20.4    43.4    35.2    39.4    30.0    37.2  1442.9
      32    35.0    51.0    50.0    54.0    53.0    55.0    54.2    62.6    72.8    65.0    69.6    36.4    41.8    39.9    43.5    40.3    44.7    39.1    40.6    40.3    46.1    47.2    18.4    21.2    17.0    18.0    23.3    22.0    21.2    10.8    35.1    36.0     0.0    22.4    26.9    17.0    26.2    21.2    26.0    58.5    53.9    52.0    49.3    49.2    53.2    52.4    47.7    47.2    44.7    75.0    68.0    72.8    62.6    71.6  2303.2
      33    18.0    32.0    31.0    35.4    35.1    37.0    37.2    48.8    58.3    53.2    57.0    25.0    29.7    30.2    33.6    33.5    36.1    40.3    42.3    45.0    46.1    50.2    17.3    17.0    18.7    20.6    22.0    24.2    25.5    30.6    17.0    18.9    22.4     0.0     5.0     5.4     5.4     3.0     5.8    45.0    40.0    38.0    37.3    35.0    32.0    30.5    25.6    25.0    22.4    52.8    46.1    51.0    40.8    50.2  1685.6
      34    14.1    27.2    26.2    30.7    30.5    32.3    32.6    44.8    54.1    49.5    53.2    22.4    26.6    27.7    30.9    31.6    33.5    40.0    42.0    45.3    45.3    50.0    18.8    17.7    20.6    22.4    22.6    25.3    26.9    35.5    12.8    14.9    26.9     5.0     0.0    10.2     2.0     5.8     3.0    45.3    40.3    38.3    38.3    35.4    29.2    26.9    21.9    21.2    18.0    48.1    41.2    46.1    35.9    45.3  1592.4
      35    21.5    36.5    35.5    39.8    39.3    41.2    41.1    52.0    61.7    55.8    59.9    26.9    32.0    31.8    35.4    34.4    37.5    39.3    41.2    43.3    45.5    49.0    15.1    15.8    16.0    18.0    20.6    22.1    23.0    25.3    20.9    22.5    17.0     5.4    10.2     0.0    10.0     5.1    10.0    47.3    42.3    40.3    39.0    37.3    36.8    35.6    30.8    30.2    27.7    58.2    51.4    56.3    46.1    55.4  1792.7
      36    12.8    26.7    25.7    30.1    29.7    31.6    31.8    43.6    53.0    48.1    51.9    20.6    25.0    25.9    29.2    29.7    31.8    38.0    40.0    43.3    43.3    48.0    17.0    15.8    18.9    20.6    20.6    23.4    25.1    35.2    11.7    13.6    26.2     5.4     2.0    10.0     0.0     5.1     1.0    47.3    42.3    40.3    40.3    37.3    30.9    28.4    23.4    22.7    19.2    48.8    41.8    46.6    36.4    45.5  1562.6
      37    16.6    31.4    30.4    34.7    34.2    36.1    36.1    47.2    56.8    51.2    55.2    22.7    27.6    27.8    31.2    30.9    33.6    37.3    39.3    42.0    43.2    47.3    14.3    14.0    15.8    17.7    19.0    21.2    22.6    30.1    15.8    17.5    21.2     3.0     5.8     5.1     5.1     0.0     5.0    48.0    43.0    41.0    40.3    38.0    34.4    32.5    27.6    26.9    23.9    53.9    46.8    51.7    41.5    50.6  1646.1
      38    12.2    26.5    25.5    29.8    29.4    31.3    31.4    43.0    52.5    47.4    51.2    19.7    24.2    25.1    28.3    28.8    30.9    37.0    39.0    42.3    42.3    47.0    16.1    14.9    18.0    19.7    19.6    22.5    24.2    35.1    11.2    13.0    26.0     5.8     3.0    10.0     1.0     5.0     0.0    48.3    43.3    41.3    41.2    38.3    31.8    29.2    24.2    23.4    19.8    49.2    42.1    46.8    36.7    45.7  1551.5
      39    57.0    61.4    60.9    64.7    65.9    66.9    69.0    83.2    90.1    89.4    91.8    66.7    69.9    72.0    74.7    76.5    77.6    85.1    87.1    90.0    90.6    95.1    62.1    62.0    63.2    65.2    67.0    69.1    70.2    59.2    55.1    57.3    58.5    45.0    45.3    47.3    47.3    48.0    48.3     0.0     5.0     7.0     9.4    10.0    28.3    34.0    35.2    36.1    40.3    57.3    57.0    61.0    54.5    64.0  3154.7
      40    52.2    57.1    56.6    60.5    61.6    62.7    64.7    78.9    86.0    85.0    87.5    61.8    65.1    67.2    69.9    71.6    72.8    80.2    82.2    85.0    85.6    90.1    57.1    57.0    58.2    60.2    62.0    64.1    65.2    54.9    50.3    52.5    53.9    40.0    40.3    42.3    42.3    43.0    43.3     5.0     0.0     2.0     5.8     5.0    25.0    30.5    31.2    32.0    36.1    55.0    54.1    58.3    51.2    61.0  2923.1
      41    50.3    55.5    54.9    58.8    59.9    61.0    63.0    77.2    84.4    83.2    85.8    59.9    63.2    65.3    68.0    69.6    70.9    78.2    80.2    83.0    83.6    88.1    55.1    55.0    56.2    58.2    60.0    62.1    63.2    53.3    48.4    50.6    52.0    38.0    38.3    40.3    40.3    41.0    41.3     7.0     2.0     0.0     5.1     3.0    23.9    29.2    29.7    30.5    34.4    54.2    53.0    57.3    50.0    59.9  2836.5
      42    51.1    57.6    57.0    61.1    62.0    63.3    65.0    79.1    86.7    84.9    87.7    60.4    64.1    65.8    68.7    69.9    71.5    77.6    79.6    82.2    83.4    87.6    54.0    54.2    55.0    57.0    59.2    61.0    62.0    49.7    49.2    51.5    49.3    37.3    38.3    39.0    40.3    40.3    41.2     9.4     5.8     5.1     0.0     5.4    27.7    32.8    32.6    33.3    36.8    58.5    56.8    61.3    53.5    63.6  2887.7
      43    47.4    53.0    52.4    56.4    57.4    58.6    60.5    74.6    82.0    80.6    83.2    57.0    60.4    62.4    65.1    66.7    68.0    75.2    77.2    80.0    80.6    85.1    52.1    52.0    53.2    55.2    57.0    59.1    60.2    50.8    45.5    47.8    49.2    35.0    35.4    37.3    37.3    38.0    38.3    10.0     5.0     3.0     5.4     0.0    22.4    27.5    27.6    28.3    32.0    53.1    51.5    55.9    48.3    58.3  2715.7
      44    35.4    34.8    34.5    37.7    39.2    39.9    42.4    56.6    62.6    63.2    65.0    45.3    47.0    50.1    52.0    55.2    55.0    66.7    68.7    72.8    70.7    76.5    47.9    46.5    49.7    51.5    51.1    54.1    55.9    58.8    33.4    35.2    53.2    32.0    29.2    36.8    30.9    34.4    31.8    28.3    25.0    23.9    27.7    22.4     0.0     5.8     9.0    10.0    15.0    31.0    29.2    33.5    26.2    36.1  2226.8
      45    31.0    29.1    28.9    32.0    33.5    34.2    36.7    50.9    56.8    57.6    59.2    40.8    42.1    45.4    47.1    50.6    50.1    62.6    64.6    68.9    66.3    72.3    45.2    43.6    47.2    48.8    47.9    51.1    53.0    59.0    29.1    30.8    52.4    30.5    26.9    35.6    28.4    32.5    29.2    34.0    30.5    29.2    32.8    27.5     5.8     0.0     5.0     5.8    10.4    27.2    24.2    28.8    20.8    30.9  2064.9
      46    26.5    26.4    26.0    29.5    30.9    31.8    34.0    48.3    54.9    54.8    56.8    36.3    38.0    41.1    43.0    46.3    46.0    58.0    59.9    64.2    61.8    67.7    40.2    38.6    42.2    43.8    42.9    46.1    48.0    54.6    24.5    26.3    47.7    25.6    21.9    30.8    23.4    27.6    24.2    35.2    31.2    29.7    32.6    27.6     9.0     5.0     0.0     1.0     6.0    30.0    25.7    30.6    21.5    32.0  1908.1
      47    25.5    25.5    25.1    28.7    30.0    30.9    33.1    47.4    54.1    53.9    55.9    35.4    37.0    40.1    42.0    45.3    45.0    57.0    58.9    63.2    60.8    66.7    39.4    37.7    41.4    43.0    42.1    45.3    47.2    54.2    23.5    25.3    47.2    25.0    21.2    30.2    22.7    26.9    23.4    36.1    32.0    30.5    33.3    28.3    10.0     5.8     1.0     0.0     5.0    30.1    25.5    30.4    21.2    31.6  1877.9
      48    20.6    21.1    20.6    24.4    25.6    26.6    28.7    42.9    50.0    49.2    51.5    30.4    32.0    35.1    37.0    40.3    40.0    52.2    54.1    58.5    55.9    61.8    35.5    33.6    37.5    39.1    37.7    41.0    43.0    52.5    18.7    20.4    44.7    22.4    18.0    27.7    19.2    23.9    19.8    40.3    36.1    34.4    36.8    32.0    15.0    10.4     6.0     5.0     0.0    30.8    25.0    30.0    20.1    30.4  1745.8
