H    0     0                    46944.671823 23509.4503  49.9%     -   49s
     0     0 23509.4503    0  491 46944.6718 23509.4503  49.9%     -   49s
     0     0 23510.2223    0  449 46944.6718 23510.2223  49.9%     -   50s
     0     0 23692.7277    0  420 46944.6718 23692.7277  49.5%     -   52s
H    0     0                    46937.724679 23692.7277  49.5%     -   53s
     0     0 23741.2036    0  508 46937.7247 23741.2036  49.4%     -   55s
     0     0 23744.7237    0  483 46937.7247 23744.7237  49.4%     -   56s
     0     0 23769.5256    0  453 46937.7247 23769.5256  49.4%     -   57s
     0     0 23775.1883    0  468 46937.7247 23775.1883  49.3%     -   57s
     0     0 23778.7594    0  524 46937.7247 23778.7594  49.3%     -   58s
     0     0 23778.7595    0  459 46937.7247 23778.7595  49.3%     -   58s
     0     0 23824.9360    0  522 46937.7247 23824.9360  49.2%     -   60s
     0     0 23824.9360    0  504 46937.7247 23824.9360  49.2%     -   61s
H    0     0                    46925.277495 23824.9360  49.2%     -   62s
     0     0 23824.9360    0  497 46925.2775 23824.9360  49.2%     -   62s
H    0     0                    46918.480176 23824.9360  49.2%     -   62s
     0     0 23824.9360    0  506 46918.4802 23824.9360  49.2%     -   62s
     0     0 23936.3197    0  345 46918.4802 23936.3197  49.0%     -   64s
     0     0 23946.0189    0  417 46918.4802 23946.0189  49.0%     -   65s
     0     0 23946.4356    0  441 46918.4802 23946.4356  49.0%     -   65s
     0     0 23967.1694    0  508 46918.4802 23967.1694  48.9%     -   66s
     0     0 23967.4732    0  542 46918.4802 23967.4732  48.9%     -   69s
     0     0 23982.6534    0  572 46918.4802 23982.6534  48.9%     -   70s
     0     0 23990.7028    0  599 46918.4802 23990.7028  48.9%     -   71s
     0     0 23990.7028    0  569 46918.4802 23990.7028  48.9%     -   71s
     0     0 23999.5985    0  545 46918.4802 23999.5985  48.8%     -   73s
     0     0 24001.0018    0  465 46918.4802 24001.0018  48.8%     -   75s
     0     0 24066.1361    0  525 46918.4802 24066.1361  48.7%     -   78s
     0     0 24066.1361    0  525 46918.4802 24066.1361  48.7%     -   78s
     0     0 24141.0016    0  599 46918.4802 24141.0016  48.5%     -   81s
     0     0 24154.8548    0  582 46918.4802 24154.8548  48.5%     -   83s
     0     0 24154.9873    0  596 46918.4802 24154.9873  48.5%     -   85s
H    0     0                    46896.847681 24172.1703  48.5%     -   86s
     0     0 24172.1703    0  576 46896.8477 24172.1703  48.5%     -   86s
     0     0 24172.1703    0  634 46896.8477 24172.1703  48.5%     -   87s
     0     0 24172.6793    0  578 46896.8477 24172.6793  48.5%     -   89s
     0     0 24172.6793    0  594 46896.8477 24172.6793  48.5%     -   90s
     0     0 24202.9052    0  655 46896.8477 24202.9052  48.4%     -   93s
     0     0 24202.9052    0  590 46896.8477 24202.9052  48.4%     -   94s
     0     0 24218.9961    0  667 46896.8477 24218.9961  48.4%     -   97s
     0     0 24219.5781    0  651 46896.8477 24219.5781  48.4%     -   98s
     0     0 24229.9148    0  589 46896.8477 24229.9148  48.3%     -  102s
     0     0 24238.7544    0  630 46896.8477 24238.7544  48.3%     -  103s
     0     0 24241.6678    0  648 46896.8477 24241.6678  48.3%     -  104s
     0     0 24241.6678    0  637 46896.8477 24241.6678  48.3%     -  104s
     0     0 24268.8198    0  556 46896.8477 24268.8198  48.3%     -  107s
     0     0 24268.9657    0  588 46896.8477 24268.9657  48.3%     -  111s
     0     0 24271.5228    0  603 46896.8477 24271.5228  48.2%     -  112s
     0     0 24271.5228    0  461 46896.8477 24271.5228  48.2%     -  128s
     0     2 24271.5228    0  461 46896.8477 24271.5228  48.2%     -  139s
     1     4 24420.9176    1  487 46896.8477 24271.5228  48.2%  3454  151s
     3     8 24657.8982    2  511 46896.8477 24420.9176  47.9%  4064  162s
     7    12 25796.6126    3  451 46896.8477 24657.8982  47.4%  3088  169s
    11    16 26061.4001    3  459 46896.8477 25472.4017  45.7%  2823  177s
    15    20 26101.8769    4  451 46896.8477 25630.9824  45.3%  2692  183s
    19    24 26774.7417    4  404 46896.8477 25630.9824  45.3%  2529  190s
    23    28 28113.1715    5  409 46896.8477 26035.0551  44.5%  2597  197s
    27    32 27024.6886    5  481 46896.8477 26035.0551  44.5%  2666  202s
    31    37 27026.0209    6  483 46896.8477 26035.0551  44.5%  2520  206s
    36    44 27092.6438    7  428 46896.8477 26035.0551  44.5%  2507  219s
H   42    44                    46896.846814 26035.0551  44.5%  2298  219s
H   43    48                    46896.607944 26035.0551  44.5%  2305  226s
H   44    48                    46895.987515 26035.0551  44.5%  2305  226s
H   45    48                    46888.087212 26035.0551  44.5%  2322  226s
    47    56 27616.9346    9  453 46888.0872 26035.0551  44.5%  2304  232s
    55    63 27729.9515   10  411 46888.0872 26035.0551  44.5%  2206  237s
    62    70 28603.9212   11  449 46888.0872 26035.0551  44.5%  2098  243s
    71    76 infeasible   12      46888.0872 26035.0551  44.5%  1983  249s
    79    88 28540.0477   13  391 46888.0872 26035.0551  44.5%  1939  254s
    93    99 28580.2232   14  410 46888.0872 26035.0551  44.5%  1737  260s
   105   115 28775.2587   15  418 46888.0872 26035.0551  44.5%  1630  265s
   121   129 28804.0637   16  428 46888.0872 26035.0551  44.5%  1497  270s
   153   159 28959.7347   19  401 46888.0872 26035.0551  44.5%  1331  279s
   169   172 30370.3564   23  375 46888.0872 26035.0551  44.5%  1285  285s
   182   201 29053.5432   24  345 46888.0872 26035.0551  44.5%  1237  290s
   238   239 29345.5261   33  334 46888.0872 26035.0551  44.5%  1041  300s
   255   253 29363.5804   35  336 46888.0872 26035.0551  44.5%  1009  306s
   269   278 29492.4109   38  386 46888.0872 26035.0551  44.5%   999  312s
   296   293 30092.9395   46  350 46888.0872 26035.0551  44.5%   966  336s
H  305   293                    46879.462021 26035.0551  44.5%   965  336s
   311   308 infeasible   48      46879.4620 26035.0551  44.5%   958  343s
   333   330 30531.7726   51  353 46879.4620 26035.0551  44.5%   954  349s
   357   377 30680.4788   57  321 46879.4620 26035.0551  44.5%   933  355s
H  404   381                    46831.122251 26035.0551  44.4%   860  368s
H  408   425                    46830.324484 26035.0551  44.4%   854  375s
H  443   425                    46829.131641 26035.0551  44.4%   817  375s
   454   498 31831.4803   85  319 46829.1316 26035.0551  44.4%   808  382s
   527   563 31911.8258  108  319 46829.1316 26035.0551  44.4%   720  388s
   594   597 32109.3323  127  299 46829.1316 26035.0551  44.4%   665  394s
H  612   597                    46828.501823 26035.0551  44.4%   651  394s
   628   655 32185.0028  145  400 46828.5018 26035.0551  44.4%   657  400s
   686   713 32217.7547  176  404 46828.5018 26035.0551  44.4%   624  405s
   744   775 32778.7065  199  246 46828.5018 26035.0551  44.4%   598  411s
   808   826 33091.8017  217  262 46828.5018 26035.0551  44.4%   574  419s
   861   912 34061.2395  220  266 46828.5018 26035.0551  44.4%   563  428s
   949   923 34173.6728  264  254 46828.5018 26035.0551  44.4%   531  438s
   962  1014 34179.0639  265  248 46828.5018 26035.0551  44.4%   534  447s
  1057  1110 34407.5427  312  257 46828.5018 26035.0551  44.4%   507  455s
  1154  1185 34779.3201  354  272 46828.5018 26035.0551  44.4%   483  462s
  1232  1282 36157.1184  372  221 46828.5018 26035.0551  44.4%   475  471s
  1337  1361 37643.1495  402  184 46828.5018 26035.0551  44.4%   457  479s
  1457  1463 38082.0909  433  227 46828.5018 26035.0551  44.4%   437  488s
  1565  1624 39839.2355  463  188 46828.5018 26035.0551  44.4%   423  498s
  1733  1807 42030.4435  510  200 46828.5018 26035.0551  44.4%   397  507s
  1933  1873 45607.7615  559  152 46828.5018 26061.4001  44.3%   367  516s
  2007  1943 28735.9609    5  394 46828.5018 26061.4001  44.3%   368  525s
  2077  2042 30213.6762    6  385 46828.5018 26061.4001  44.3%   369  537s
  2176  2176 28178.6784    7  445 46828.5018 26061.4001  44.3%   367  551s
  2317  2342 29612.4162    9  386 46828.5018 26061.4001  44.3%   357  562s
  2493  2414 28279.7281    9  525 46828.5018 26061.4001  44.3%   342  574s
  2572  2476 29694.1782   11  386 46828.5018 26061.4001  44.3%   346  589s
  2634  2528 29504.8318   14  449 46828.5018 26061.4001  44.3%   352  606s
  2694  2573 30074.4392   13  428 46828.5018 26061.4001  44.3%   359  619s
  2751  2597 30599.7484   15  416 46828.5018 26061.4001  44.3%   363  633s
  2776  2598 36116.4304  357  461 46828.5018 26061.4001  44.3%   373  643s
H 2777  2469                    46823.797991 26061.4001  44.3%   373  648s
  2779  2470 39642.0616  444  404 46823.7980 26061.4001  44.3%   373  657s
  2780  2471 29515.8712   24  570 46823.7980 26061.4001  44.3%   372  663s
  2781  2471 44884.0058  679  492 46823.7980 26061.4001  44.3%   372  668s
  2782  2472 37646.4609  404  464 46823.7980 26061.4001  44.3%   372  673s
  2783  2473 37696.2301  299  487 46823.7980 26061.4001  44.3%   372  678s
  2784  2473 37636.8968  396  551 46823.7980 26061.4001  44.3%   372  684s
  2785  2474 28495.5351   51  603 46823.7980 26061.4001  44.3%   372  691s
  2786  2475 42028.0891  509  632 46823.7980 26061.4001  44.3%   372  695s
  2787  2475 35626.8442  291  606 46823.7980 26061.4001  44.3%   372  703s
  2788  2476 28447.1035   44  608 46823.7980 26061.4001  44.3%   371  706s
H 2789  2352                    46807.760181 30919.9111  33.9%   371  753s
  2791  2353 43984.8438  279  604 46807.7602 31399.1406  32.9%   371  759s
  2792  2354 31405.8142   10  618 46807.7602 31405.8142  32.9%   371  762s
H 2792  2236                    46807.760080 40826.4542  12.8%   371  785s
  2795  2238 41951.5624   32  532 46807.7601 41951.5624  10.4%   370  791s
H 2795  2126                    46805.366761 42100.7553  10.1%   370  803s
  2797  2127 42107.4861  459  571 46805.3668 42107.4861  10.0%   370  807s
  2798  2128 42244.3730  119  509 46805.3668 42244.3730  9.74%   370  814s
  2799  2128 42252.1918  605  602 46805.3668 42252.1918  9.73%   370  818s
  2800  2129 42694.1785    7  597 46805.3668 42694.1785  8.78%   370  827s
  2801  2130 42725.4597  321  700 46805.3668 42725.4597  8.72%   370  831s
  2803  2131 42897.3659  500  643 46805.3668 42897.3659  8.35%   369  846s
  2805  2132 42921.2364  358  738 46805.3668 42921.2364  8.30%   369  852s
  2806  2133 43169.8644   66  690 46805.3668 43169.8644  7.77%   369  862s
  2807  2134 45630.3126  701  707 46805.3668 43186.8591  7.73%   369  868s
  2808  2134 43228.2949  579  763 46805.3668 43228.2949  7.64%   369  873s
  2809  2135 43238.9739  315  832 46805.3668 43238.9739  7.62%   369  877s
  2810  2136 45028.6857  572  832 46805.3668 43239.8927  7.62%   368  880s
H 2810  2029                    46805.366755 43340.1162  7.40%   368  913s
  2812  2030 43408.4764   37  737 46805.3668 43408.4764  7.26%   368  921s
H 2812  1928                    46800.665375 43408.4764  7.25%   368  925s
H 2814  1832                    46798.835663 43587.6203  6.86%   368  950s
H 2815  1740                    46797.220828 43587.6203  6.86%   368  956s
  2817  1741 43845.4969  274  793 46797.2208 43613.5637  6.80%   368  963s
  2818  1742 43631.1880  472  910 46797.2208 43631.1880  6.77%   367  969s
  2819  1743 43633.6865   36  977 46797.2208 43633.6865  6.76%   367  973s
  2820  1743 45551.5097  323  928 46797.2208 43649.3493  6.73%   367  986s
H 2820  1655                    46784.942313 43649.3493  6.70%   367  992s
  2822  1657 43664.0006  637  929 46784.9423 43664.0006  6.67%   367 1007s
  2827  1661 43664.0006   47  272 46784.9423 43664.0006  6.67%   444 1014s
H 2827  1577                    46784.942293 43664.0006  6.67%   444 1029s
H 2828  1499                    46784.942229 43664.0006  6.67%   443 1038s
H 2828  1424                    46784.942010 43664.0006  6.67%   443 1038s
H 2828  1353                    46784.941954 43664.0006  6.67%   443 1038s
  2830  1354 43664.0006  404  603 46784.9420 43664.0006  6.67%   443 1048s
  2831  1355 43664.0006  186  626 46784.9420 43664.0006  6.67%   443 1058s
  2832  1356 43664.0006  202  723 46784.9420 43664.0006  6.67%   443 1073s
  2833  1356 43664.0006  241  782 46784.9420 43664.0006  6.67%   443 1086s
  2834  1357 43664.0006  183  852 46784.9420 43664.0006  6.67%   442 1106s
  2835  1358 43664.0006  289  821 46784.9420 43664.0006  6.67%   442 1113s
  2836  1358 43674.7864  292  852 46784.9420 43674.7864  6.65%   442 1131s
  2837  1359 43680.9787  249  916 46784.9420 43680.9787  6.63%   442 1136s
  2838  1360 45636.1431  699  897 46784.9420 43684.6642  6.63%   442 1148s
  2839  1360 45229.8390  690  911 46784.9420 43686.1118  6.62%   442 1156s
  2840  1361 43692.4410  172  883 46784.9420 43692.4410  6.61%   442 1218s
  2841  1362 43692.4410   76  881 46784.9420 43692.4410  6.61%   441 1220s
H 2841  1294                    46784.941296 43694.8174  6.60%   441 1240s
  2843  1296     cutoff   23      46784.9413 43694.8174  6.60%   484 1336s
  2845  1295 43699.8142   24  796 46784.9413 43697.3183  6.60%   484 1420s
  2847  1295     cutoff   25      46784.9413 43700.3770  6.59%   505 1494s
  2849  1294 43708.2542   26  726 46784.9413 43708.2542  6.58%   505 1535s
  2851  1293 infeasible   27      46784.9413 43708.2835  6.58%   514 1567s
  2853  1293 43719.7924   28  694 46784.9413 43715.0854  6.56%   516 1594s
  2855  1293 46634.6216   29  537 46784.9413 43719.9568  6.55%   532 1635s
  2857  1295 46740.3566   30  512 46784.9413 43726.1640  6.54%   540 1669s
  2860  1296 infeasible   31      46784.9413 43732.9605  6.52%   549 1682s
  2864  1299 46265.9070   32  390 46784.9413 43732.9636  6.52%   563 1704s
  2870  1298 46267.4953   33  376 46784.9413 43732.9636  6.52%   574 1729s
H 2871  1233                    46772.702209 43732.9636  6.50%   574 1729s
  2875  1237 46571.1684   33  442 46772.7022 43732.9636  6.50%   577 1756s
  2881  1242 46304.3613   34  386 46772.7022 43732.9636  6.50%   580 1776s
  2888  1248 46290.5715   36  382 46772.7022 43732.9636  6.50%   584 1792s
  2896  1247 46221.1738   41  412 46772.7022 43732.9636  6.50%   587 1800s

Cutting planes:
  Gomory: 187
  Implied bound: 14
  Projected implied bound: 23
  Clique: 79
  MIR: 107
  Flow cover: 77
  Zero half: 22
  RLT: 24
  Relax-and-lift: 4

Explored 2898 nodes (1788950 simplex iterations) in 1800.07 seconds (1886.45 work units)
Thread count was 8 (of 8 available processors)

Solution count 10: 46772.7 46784.9 46784.9 ... 46805.4

Time limit reached
Best objective 4.677270220950e+04, best bound 4.373296359644e+04, gap 6.4990%

--------------------------------------------------------------------


No feasible solution found

READY

Distance matrix:
               0       1       2       3       4       5       6       7       8       9      10      11      12      13      14      15      16      17      18      19      20      21      22      23      24      25      26      27      28      29      30      31      32      33      34      35      36      37      38      39      40      41      42      43      44      45      46      47      48      49      50      51      52      53
       0     0.0    16.1    15.1    19.0    18.1    20.1    19.6    30.8    40.3    35.4    39.1    10.0    13.0    15.1    17.7    20.0    20.6    31.6    33.5    38.1    35.4    41.2    19.3    16.6    21.5    22.4    19.2    22.8    25.0    45.2     2.0     1.0    35.0    18.0    14.1    21.5    12.8    16.6    12.2    57.0    52.2    50.3    51.1    47.4    35.4    31.0    26.5    25.5    20.6    44.2    36.1    40.3    30.8    38.1  1441.6
       1    16.1     0.0     1.0     3.6     4.5     5.7     7.6    21.9    29.1    28.5    30.4    20.0    17.8    22.0    22.0    27.2    24.6    41.2    42.8    48.3    42.5    49.4    35.2    32.3    37.4    37.9    34.0    37.6    39.8    61.0    16.0    15.1    51.0    32.0    27.2    36.5    26.7    31.4    26.5    61.4    57.1    55.5    57.6    53.0    34.8    29.1    26.4    25.5    21.1    31.4    22.8    26.2    18.4    23.0  1627.1
       2    15.1     1.0     0.0     4.5     5.0     6.4     8.1    22.4    29.7    28.8    30.9    19.2    17.2    21.4    21.5    26.6    24.2    40.6    42.2    47.6    42.1    48.9    34.2    31.3    36.4    37.0    33.1    36.7    38.9    60.0    15.0    14.1    50.0    31.0    26.2    35.5    25.7    30.4    25.5    60.9    56.6    54.9    57.0    52.4    34.5    28.9    26.0    25.1    20.6    32.0    23.4    26.9    18.9    23.9  1606.5
       3    19.0     3.6     4.5     0.0     2.2     2.2     5.0    19.0    25.6    25.7    27.3    21.5    18.4    22.7    22.0    27.6    24.4    41.7    43.2    48.8    42.4    49.4    37.7    34.7    39.8    40.3    36.1    39.6    41.8    64.1    19.1    18.0    54.0    35.4    30.7    39.8    30.1    34.7    29.8    64.7    60.5    58.8    61.1    56.4    37.7    32.0    29.5    28.7    24.4    31.4    22.8    25.6    19.0    21.9  1696.3
       4    18.1     4.5     5.0     2.2     0.0     2.0     3.2    17.5    24.8    24.0    25.9    19.7    16.4    20.6    19.8    25.5    22.2    39.6    41.0    46.7    40.2    47.2    36.3    33.4    38.5    38.8    34.5    37.9    40.2    63.3    18.4    17.1    53.0    35.1    30.5    39.3    29.7    34.2    29.4    65.9    61.6    59.9    62.0    57.4    39.2    33.5    30.9    30.0    25.6    33.6    25.1    27.8    21.2    24.0  1673.5
       5    20.1     5.7     6.4     2.2     2.0     0.0     3.2    16.8    23.4    23.5    25.1    21.5    18.0    22.2    21.2    26.9    23.4    41.0    42.4    48.1    41.4    48.4    38.3    35.4    40.4    40.8    36.4    39.8    42.1    65.3    20.4    19.1    55.0    37.0    32.3    41.2    31.6    36.1    31.3    66.9    62.7    61.0    63.3    58.6    39.9    34.2    31.8    30.9    26.6    32.6    24.2    26.6    20.6    22.7  1728.3
       6    19.6     7.6     8.1     5.0     3.2     3.2     0.0    14.3    21.9    20.9    22.8    19.6    15.7    19.7    18.4    24.2    20.5    38.3    39.6    45.3    38.4    45.5    37.1    34.1    39.1    39.3    34.7    38.1    40.3    64.6    20.2    18.7    54.2    37.2    32.6    41.1    31.8    36.1    31.4    69.0    64.7    63.0    65.0    60.5    42.4    36.7    34.0    33.1    28.7    35.8    27.3    29.7    23.8    25.6  1721.5
       7    30.8    21.9    22.4    19.0    17.5    16.8    14.3     0.0    10.2     7.0     8.6    26.2    20.9    23.2    20.0    25.1    20.1    37.0    37.7    43.5    34.5    41.3    44.4    41.5    46.1    45.7    40.4    43.2    45.1    73.4    32.0    30.0    62.6    48.8    44.8    52.0    43.6    47.2    43.0    83.2    78.9    77.2    79.1    74.6    56.6    50.9    48.3    47.4    42.9    46.1    38.3    39.3    36.0    34.5  2115.2
       8    40.3    29.1    29.7    25.6    24.8    23.4    21.9    10.2     0.0    11.2     7.1    36.4    31.0    33.4    30.1    35.0    30.0    46.1    46.6    52.2    42.7    49.2    54.6    51.7    56.3    55.9    50.6    53.3    55.2    83.5    41.3    39.4    72.8    58.3    54.1    61.7    53.0    56.8    52.5    90.1    86.0    84.4    86.7    82.0    62.6    56.8    54.9    54.1    50.0    47.0    40.3    40.0    39.3    35.0  2516.6
       9    35.4    28.5    28.8    25.7    24.0    23.5    20.9     7.0    11.2     0.0     5.0    29.2    23.9    25.1    21.5    25.5    20.6    35.4    35.7    41.2    31.6    38.1    46.6    43.9    48.1    47.4    42.1    44.4    46.1    75.8    36.8    34.7    65.0    53.2    49.5    55.8    48.1    51.2    47.4    89.4    85.0    83.2    84.9    80.6    63.2    57.6    54.8    53.9    49.2    53.0    45.3    46.1    43.0    41.2  2304.1
      10    39.1    30.4    30.9    27.3    25.9    25.1    22.8     8.6     7.1     5.0     0.0    33.5    28.2    29.7    26.2    30.4    25.5    40.3    40.6    46.1    36.4    42.7    51.3    48.5    52.8    52.2    46.8    49.2    51.0    80.4    40.4    38.3    69.6    57.0    53.2    59.9    51.9    55.2    51.2    91.8    87.5    85.8    87.7    83.2    65.0    59.2    56.8    55.9    51.5    52.2    45.0    45.3    43.3    40.3  2461.2
      11    10.0    20.0    19.2    21.5    19.7    21.5    19.6    26.2    36.4    29.2    33.5     0.0     5.4     5.4     8.6    10.0    11.2    22.4    24.2    29.2    25.5    31.6    18.2    15.3    20.1    20.0    15.1    18.4    20.6    47.1    12.0    10.0    36.4    25.0    22.4    26.9    20.6    22.7    19.7    66.7    61.8    59.9    60.4    57.0    45.3    40.8    36.3    35.4    30.4    50.9    42.4    46.1    37.5    43.0  1515.0
      12    13.0    17.8    17.2    18.4    16.4    18.0    15.7    20.9    31.0    23.9    28.2     5.4     0.0     4.2     5.0     9.4     8.0    23.4    25.0    30.5    25.1    31.8    23.5    20.6    25.3    25.1    20.0    23.1    25.2    52.5    14.9    12.6    41.8    29.7    26.6    32.0    25.0    27.6    24.2    69.9    65.1    63.2    64.1    60.4    47.0    42.1    38.0    37.0    32.0    49.2    40.6    43.9    36.1    40.4  1567.1
      13    15.1    22.0    21.4    22.7    20.6    22.2    19.7    23.2    33.4    25.1    29.7     5.4     4.2     0.0     3.6     5.4     5.8    19.2    20.8    26.2    21.2    27.7    21.5    18.8    23.1    22.6    17.3    20.0    22.0    50.7    17.1    15.0    39.9    30.2    27.7    31.8    25.9    27.8    25.1    72.0    67.2    65.3    65.8    62.4    50.1    45.4    41.1    40.1    35.1    53.4    44.8    48.1    40.2    44.6  1607.0
      14    17.7    22.0    21.5    22.0    19.8    21.2    18.4    20.0    30.1    21.5    26.2     8.6     5.0     3.6     0.0     5.8     3.0    19.8    21.2    26.9    20.6    27.5    25.1    22.4    26.6    26.0    20.6    23.2    25.1    54.2    19.6    17.5    43.5    33.6    30.9    35.4    29.2    31.2    28.3    74.7    69.9    68.0    68.7    65.1    52.0    47.1    43.0    42.0    37.0    53.3    44.7    47.6    40.3    43.9  1672.2
      15    20.0    27.2    26.6    27.6    25.5    26.9    24.2    25.1    35.0    25.5    30.4    10.0     9.4     5.4     5.8     0.0     5.0    14.1    15.6    21.2    15.8    22.4    22.2    19.8    23.3    22.4    17.0    19.0    20.6    51.0    22.0    20.0    40.3    33.5    31.6    34.4    29.7    30.9    28.8    76.5    71.6    69.6    69.9    66.7    55.2    50.6    46.3    45.3    40.3    58.6    50.0    53.2    45.5    49.5  1734.2
      16    20.6    24.6    24.2    24.4    22.2    23.4    20.5    20.1    30.0    20.6    25.5    11.2     8.0     5.8     3.0     5.0     0.0    18.0    19.2    25.0    18.0    25.0    26.4    23.9    27.7    26.9    21.5    23.8    25.5    55.5    22.6    20.4    44.7    36.1    33.5    37.5    31.8    33.6    30.9    77.6    72.8    70.9    71.5    68.0    55.0    50.1    46.0    45.0    40.0    55.8    47.2    50.0    42.9    46.1  1755.6
      17    31.6    41.2    40.6    41.7    39.6    41.0    38.3    37.0    46.1    35.4    40.3    22.4    23.4    19.2    19.8    14.1    18.0     0.0     2.0     7.1     7.1    10.0    24.4    23.5    24.2    22.4    18.7    17.9    18.0    48.8    33.5    32.0    39.1    40.3    40.0    39.3    38.0    37.3    37.0    85.1    80.2    78.2    77.6    75.2    66.7    62.6    58.0    57.0    52.2    72.6    64.0    67.3    59.4    63.6  2130.1
      18    33.5    42.8    42.2    43.2    41.0    42.4    39.6    37.7    46.6    35.7    40.6    24.2    25.0    20.8    21.2    15.6    19.2     2.0     0.0     5.8     5.8     8.0    26.2    25.5    26.0    24.2    20.6    19.7    19.7    50.2    35.4    33.8    40.6    42.3    42.0    41.2    40.0    39.3    39.0    87.1    82.2    80.2    79.6    77.2    68.7    64.6    59.9    58.9    54.1    74.2    65.6    68.8    61.0    65.1  2206.0
      19    38.1    48.3    47.6    48.8    46.7    48.1    45.3    43.5    52.2    41.2    46.1    29.2    30.5    26.2    26.9    21.2    25.0     7.1     5.8     0.0    10.0     7.1    28.2    28.0    27.5    25.5    23.0    21.2    20.6    49.2    39.9    38.5    40.3    45.0    45.3    43.3    43.3    42.0    42.3    90.0    85.0    83.0    82.2    80.0    72.8    68.9    64.2    63.2    58.5    79.6    71.1    74.3    66.4    70.7  2407.9
      20    35.4    42.5    42.1    42.4    40.2    41.4    38.4    34.5    42.7    31.6    36.4    25.5    25.1    21.2    20.6    15.8    18.0     7.1     5.8    10.0     0.0     7.1    30.9    29.7    30.9    29.2    25.1    24.7    25.0    55.9    37.3    35.5    46.1    46.1    45.3    45.5    43.3    43.2    42.3    90.6    85.6    83.6    83.4    80.6    70.7    66.3    61.8    60.8    55.9    73.8    65.2    68.0    60.9    64.0  2290.9
      21    41.2    49.4    48.9    49.4    47.2    48.4    45.5    41.3    49.2    38.1    42.7    31.6    31.8    27.7    27.5    22.4    25.0    10.0     8.0     7.1     7.1     0.0    34.0    33.4    33.5    31.6    28.4    27.2    26.9    56.2    43.2    41.5    47.2    50.2    50.0    49.0    48.0    47.3    47.0    95.1    90.1    88.1    87.6    85.1    76.5    72.3    67.7    66.7    61.8    80.7    72.1    75.0    67.7    71.1  2551.9
      22    19.3    35.2    34.2    37.7    36.3    38.3    37.1    44.4    54.6    46.6    51.3    18.2    23.5    21.5    25.1    22.2    26.4    24.4    26.2    28.2    30.9    34.0     0.0     3.0     2.2     3.6     5.8     7.0     8.2    29.2    20.1    20.2    18.4    17.3    18.8    15.1    17.0    14.3    16.1    62.1    57.1    55.1    54.0    52.1    47.9    45.2    40.2    39.4    35.5    63.0    55.1    59.5    49.7    57.4  1705.2
      23    16.6    32.3    31.3    34.7    33.4    35.4    34.1    41.5    51.7    43.9    48.5    15.3    20.6    18.8    22.4    19.8    23.9    23.5    25.5    28.0    29.7    33.4     3.0     0.0     5.1     5.8     5.0     7.6     9.4    32.0    17.5    17.5    21.2    17.0    17.7    15.8    15.8    14.0    14.9    62.0    57.0    55.0    54.2    52.0    46.5    43.6    38.6    37.7    33.6    60.5    52.5    56.8    47.2    54.6  1635.1
      24    21.5    37.4    36.4    39.8    38.5    40.4    39.1    46.1    56.3    48.1    52.8    20.1    25.3    23.1    26.6    23.3    27.7    24.2    26.0    27.5    30.9    33.5     2.2     5.1     0.0     2.0     6.4     6.3     7.0    27.7    22.4    22.5    17.0    18.7    20.6    16.0    18.9    15.8    18.0    63.2    58.2    56.2    55.0    53.2    49.7    47.2    42.2    41.4    37.5    65.2    57.3    61.7    52.0    59.6  1771.0
      25    22.4    37.9    37.0    40.3    38.8    40.8    39.3    45.7    55.9    47.4    52.2    20.0    25.1    22.6    26.0    22.4    26.9    22.4    24.2    25.5    29.2    31.6     3.6     5.8     2.0     0.0     5.4     4.5     5.0    28.7    23.3    23.3    18.0    20.6    22.4    18.0    20.6    17.7    19.7    65.2    60.2    58.2    57.0    55.2    51.5    48.8    43.8    43.0    39.1    66.3    58.3    62.6    53.0    60.4  1794.7
      26    19.2    34.0    33.1    36.1    34.5    36.4    34.7    40.4    50.6    42.1    46.8    15.1    20.0    17.3    20.6    17.0    21.5    18.7    20.6    23.0    25.1    28.4     5.8     5.0     6.4     5.4     0.0     3.6     5.8    34.0    20.5    20.0    23.3    22.0    22.6    20.6    20.6    19.0    19.6    67.0    62.0    60.0    59.2    57.0    51.1    47.9    42.9    42.1    37.7    63.4    55.2    59.4    50.0    56.8  1701.4
      27    22.8    37.6    36.7    39.6    37.9    39.8    38.1    43.2    53.3    44.4    49.2    18.4    23.1    20.0    23.2    19.0    23.8    17.9    19.7    21.2    24.7    27.2     7.0     7.6     6.3     4.5     3.6     0.0     2.2    32.4    24.1    23.6    22.0    24.2    25.3    22.1    23.4    21.2    22.5    69.1    64.1    62.1    61.0    59.1    54.1    51.1    46.1    45.3    41.0    67.0    58.8    63.0    53.6    60.4  1808.7
      28    25.0    39.8    38.9    41.8    40.2    42.1    40.3    45.1    55.2    46.1    51.0    20.6    25.2    22.0    25.1    20.6    25.5    18.0    19.7    20.6    25.0    26.9     8.2     9.4     7.0     5.0     5.8     2.2     0.0    31.4    26.2    25.8    21.2    25.5    26.9    23.0    25.1    22.6    24.2    70.2    65.2    63.2    62.0    60.2    55.9    53.0    48.0    47.2    43.0    69.2    61.0    65.2    55.8    62.6  1886.1
      29    45.2    61.0    60.0    64.1    63.3    65.3    64.6    73.4    83.5    75.8    80.4    47.1    52.5    50.7    54.2    51.0    55.5    48.8    50.2    49.2    55.9    56.2    29.2    32.0    27.7    28.7    34.0    32.4    31.4     0.0    45.0    46.2    10.8    30.6    35.5    25.3    35.2    30.1    35.1    59.2    54.9    53.3    49.7    50.8    58.8    59.0    54.6    54.2    52.5    83.2    76.7    81.6    71.4    80.8  2758.0
      30     2.0    16.0    15.0    19.1    18.4    20.4    20.2    32.0    41.3    36.8    40.4    12.0    14.9    17.1    19.6    22.0    22.6    33.5    35.4    39.9    37.3    43.2    20.1    17.5    22.4    23.3    20.5    24.1    26.2    45.0     0.0     2.2    35.1    17.0    12.8    20.9    11.7    15.8    11.2    55.1    50.3    48.4    49.2    45.5    33.4    29.1    24.5    23.5    18.7    43.0    35.0    39.4    29.7    37.3  1447.3
      31     1.0    15.1    14.1    18.0    17.1    19.1    18.7    30.0    39.4    34.7    38.3    10.0    12.6    15.0    17.5    20.0    20.4    32.0    33.8    38.5    35.5    41.5    20.2    17.5    22.5    23.3    20.0    23.6    25.8    46.2     2.2     0.0    36.0    18.9    14.9    22.5    13.6    17.5    13.0    57.3    52.5    50.6    51.5    47.8    35.2    30.8    26.3    25.3    20.4    43.4    35.2    39.4    30.0    37.2  1442.9
      32    35.0    51.0    50.0    54.0    53.0    55.0    54.2    62.6    72.8    65.0    69.6    36.4    41.8    39.9    43.5    40.3    44.7    39.1    40.6    40.3    46.1    47.2    18.4    21.2    17.0    18.0    23.3    22.0    21.2    10.8    35.1    36.0     0.0    22.4    26.9    17.0    26.2    21.2    26.0    58.5    53.9    52.0    49.3    49.2    53.2    52.4    47.7    47.2    44.7    75.0    68.0    72.8    62.6    71.6  2303.2
      33    18.0    32.0    31.0    35.4    35.1    37.0    37.2    48.8    58.3    53.2    57.0    25.0    29.7    30.2    33.6    33.5    36.1    40.3    42.3    45.0    46.1    50.2    17.3    17.0    18.7    20.6    22.0    24.2    25.5    30.6    17.0    18.9    22.4     0.0     5.0     5.4     5.4     3.0     5.8    45.0    40.0    38.0    37.3    35.0    32.0    30.5    25.6    25.0    22.4    52.8    46.1    51.0    40.8    50.2  1685.6
      34    14.1    27.2    26.2    30.7    30.5    32.3    32.6    44.8    54.1    49.5    53.2    22.4    26.6    27.7    30.9    31.6    33.5    40.0    42.0    45.3    45.3    50.0    18.8    17.7    20.6    22.4    22.6    25.3    26.9    35.5    12.8    14.9    26.9     5.0     0.0    10.2     2.0     5.8     3.0    45.3    40.3    38.3    38.3    35.4    29.2    26.9    21.9    21.2    18.0    48.1    41.2    46.1    35.9    45.3  1592.4
      35    21.5    36.5    35.5    39.8    39.3    41.2    41.1    52.0    61.7    55.8    59.9    26.9    32.0    31.8    35.4    34.4    37.5    39.3    41.2    43.3    45.5    49.0    15.1    15.8    16.0    18.0    20.6    22.1    23.0    25.3    20.9    22.5    17.0     5.4    10.2     0.0    10.0     5.1    10.0    47.3    42.3    40.3    39.0    37.3    36.8    35.6    30.8    30.2    27.7    58.2    51.4    56.3    46.1    55.4  1792.7
      36    12.8    26.7    25.7    30.1    29.7    31.6    31.8    43.6    53.0    48.1    51.9    20.6    25.0    25.9    29.2    29.7    31.8    38.0    40.0    43.3    43.3    48.0    17.0    15.8    18.9    20.6    20.6    23.4    25.1    35.2    11.7    13.6    26.2     5.4     2.0    10.0     0.0     5.1     1.0    47.3    42.3    40.3    40.3    37.3    30.9    28.4    23.4    22.7    19.2    48.8    41.8    46.6    36.4    45.5  1562.6
      37    16.6    31.4    30.4    34.7    34.2    36.1    36.1    47.2    56.8    51.2    55.2    22.7    27.6    27.8    31.2    30.9    33.6    37.3    39.3    42.0    43.2    47.3    14.3    14.0    15.8    17.7    19.0    21.2    22.6    30.1    15.8    17.5    21.2     3.0     5.8     5.1     5.1     0.0     5.0    48.0    43.0    41.0    40.3    38.0    34.4    32.5    27.6    26.9    23.9    53.9    46.8    51.7    41.5    50.6  1646.1
      38    12.2    26.5    25.5    29.8    29.4    31.3    31.4    43.0    52.5    47.4    51.2    19.7    24.2    25.1    28.3    28.8    30.9    37.0    39.0    42.3    42.3    47.0    16.1    14.9    18.0    19.7    19.6    22.5    24.2    35.1    11.2    13.0    26.0     5.8     3.0    10.0     1.0     5.0     0.0    48.3    43.3    41.3    41.2    38.3    31.8    29.2    24.2    23.4    19.8    49.2    42.1    46.8    36.7    45.7  1551.5
      39    57.0    61.4    60.9    64.7    65.9    66.9    69.0    83.2    90.1    89.4    91.8    66.7    69.9    72.0    74.7    76.5    77.6    85.1    87.1    90.0    90.6    95.1    62.1    62.0    63.2    65.2    67.0    69.1    70.2    59.2    55.1    57.3    58.5    45.0    45.3    47.3    47.3    48.0    48.3     0.0     5.0     7.0     9.4    10.0    28.3    34.0    35.2    36.1    40.3    57.3    57.0    61.0    54.5    64.0  3154.7
      40    52.2    57.1    56.6    60.5    61.6    62.7    64.7    78.9    86.0    85.0    87.5    61.8    65.1    67.2    69.9    71.6    72.8    80.2    82.2    85.0    85.6    90.1    57.1    57.0    58.2    60.2    62.0    64.1    65.2    54.9    50.3    52.5    53.9    40.0    40.3    42.3    42.3    43.0    43.3     5.0     0.0     2.0     5.8     5.0    25.0    30.5    31.2    32.0    36.1    55.0    54.1    58.3    51.2    61.0  2923.1
      41    50.3    55.5    54.9    58.8    59.9    61.0    63.0    77.2    84.4    83.2    85.8    59.9    63.2    65.3    68.0    69.6    70.9    78.2    80.2    83.0    83.6    88.1    55.1    55.0    56.2    58.2    60.0    62.1    63.2    53.3    48.4    50.6    52.0    38.0    38.3    40.3    40.3    41.0    41.3     7.0     2.0     0.0     5.1     3.0    23.9    29.2    29.7    30.5    34.4    54.2    53.0    57.3    50.0    59.9  2836.5
      42    51.1    57.6    57.0    61.1    62.0    63.3    65.0    79.1    86.7    84.9    87.7    60.4    64.1    65.8    68.7    69.9    71.5    77.6    79.6    82.2    83.4    87.6    54.0    54.2    55.0    57.0    59.2    61.0    62.0    49.7    49.2    51.5    49.3    37.3    38.3    39.0    40.3    40.3    41.2     9.4     5.8     5.1     0.0     5.4    27.7    32.8    32.6    33.3    36.8    58.5    56.8    61.3    53.5    63.6  2887.7
      43    47.4    53.0    52.4    56.4    57.4    58.6    60.5    74.6    82.0    80.6    83.2    57.0    60.4    62.4    65.1    66.7    68.0    75.2    77.2    80.0    80.6    85.1    52.1    52.0    53.2    55.2    57.0    59.1    60.2    50.8    45.5    47.8    49.2    35.0    35.4    37.3    37.3    38.0    38.3    10.0     5.0     3.0     5.4     0.0    22.4    27.5    27.6    28.3    32.0    53.1    51.5    55.9    48.3    58.3  2715.7
      44    35.4    34.8    34.5    37.7    39.2    39.9    42.4    56.6    62.6    63.2    65.0    45.3    47.0    50.1    52.0    55.2    55.0    66.7    68.7    72.8    70.7    76.5    47.9    46.5    49.7    51.5    51.1    54.1    55.9    58.8    33.4    35.2    53.2    32.0    29.2    36.8    30.9    34.4    31.8    28.3    25.0    23.9    27.7    22.4     0.0     5.8     9.0    10.0    15.0    31.0    29.2    33.5    26.2    36.1  2226.8
      45    31.0    29.1    28.9    32.0    33.5    34.2    36.7    50.9    56.8    57.6    59.2    40.8    42.1    45.4    47.1    50.6    50.1    62.6    64.6    68.9    66.3    72.3    45.2    43.6    47.2    48.8    47.9    51.1    53.0    59.0    29.1    30.8    52.4    30.5    26.9    35.6    28.4    32.5    29.2    34.0    30.5    29.2    32.8    27.5     5.8     0.0     5.0     5.8    10.4    27.2    24.2    28.8    20.8    30.9  2064.9
      46    26.5    26.4    26.0    29.5    30.9    31.8    34.0    48.3    54.9    54.8    56.8    36.3    38.0    41.1    43.0    46.3    46.0    58.0    59.9    64.2    61.8    67.7    40.2    38.6    42.2    43.8    42.9    46.1    48.0    54.6    24.5    26.3    47.7    25.6    21.9    30.8    23.4    27.6    24.2    35.2    31.2    29.7    32.6    27.6     9.0     5.0     0.0     1.0     6.0    30.0    25.7    30.6    21.5    32.0  1908.1
      47    25.5    25.5    25.1    28.7    30.0    30.9    33.1    47.4    54.1    53.9    55.9    35.4    37.0    40.1    42.0    45.3    45.0    57.0    58.9    63.2    60.8    66.7    39.4    37.7    41.4    43.0    42.1    45.3    47.2    54.2    23.5    25.3    47.2    25.0    21.2    30.2    22.7    26.9    23.4    36.1    32.0    30.5    33.3    28.3    10.0     5.8     1.0     0.0     5.0    30.1    25.5    30.4    21.2    31.6  1877.9
      48    20.6    21.1    20.6    24.4    25.6    26.6    28.7    42.9    50.0    49.2    51.5    30.4    32.0    35.1    37.0    40.3    40.0    52.2    54.1    58.5    55.9    61.8    35.5    33.6    37.5    39.1    37.7    41.0    43.0    52.5    18.7    20.4    44.7    22.4    18.0    27.7    19.2    23.9    19.8    40.3    36.1    34.4    36.8    32.0    15.0    10.4     6.0     5.0     0.0    30.8    25.0    30.0    20.1    30.4  1745.8
      49    44.2    31.4    32.0    31.4    33.6    32.6    35.8    46.1    47.0    53.0    52.2    50.9    49.2    53.4    53.3    58.6    55.8    72.6    74.2    79.6    73.8    80.7    63.0    60.5    65.2    66.3    63.4    67.0    69.2    83.2    43.0    43.4    75.0    52.8    48.1    58.2    48.8    53.9    49.2    57.3    55.0    54.2    58.5    53.1    31.0    27.2    30.0    30.1    30.8     0.0     8.6     7.0    13.5    12.0  2620.1
      50    36.1    22.8    23.4    22.8    25.1    24.2    27.3    38.3    40.3    45.3    45.0    42.4    40.6    44.8    44.7    50.0    47.2    64.0    65.6    71.1    65.2    72.1    55.1    52.5    57.3    58.3    55.2    58.8    61.0    76.7    35.0    35.2    68.0    46.1    41.2    51.4    41.8    46.8    42.1    57.0    54.1    53.0    56.8    51.5    29.2    24.2    25.7    25.5    25.0     8.6     0.0     5.0     5.4     7.1  2268.8
      51    40.3    26.2    26.9    25.6    27.8    26.6    29.7    39.3    40.0    46.1    45.3    46.1    43.9    48.1    47.6    53.2    50.0    67.3    68.8    74.3    68.0    75.0    59.5    56.8    61.7    62.6    59.4    63.0    65.2    81.6    39.4    39.4    72.8    51.0    46.1    56.3    46.6    51.7    46.8    61.0    58.3    57.3    61.3    55.9    33.5    28.8    30.6    30.4    30.0     7.0     5.0     0.0    10.2     5.0  2450.2
      52    30.8    18.4    18.9    19.0    21.2    20.6    23.8    36.0    39.3    43.0    43.3    37.5    36.1    40.2    40.3    45.5    42.9    59.4    61.0    66.4    60.9    67.7    49.7    47.2    52.0    53.0    50.0    53.6    55.8    71.4    29.7    30.0    62.6    40.8    35.9    46.1    36.4    41.5    36.7    54.5    51.2    50.0    53.5    48.3    26.2    20.8    21.5    21.2    20.1    13.5     5.4    10.2     0.0    10.4  2071.4
      53    38.1    23.0    23.9    21.9    24.0    22.7    25.6    34.5    35.0    41.2    40.3    43.0    40.4    44.6    43.9    49.5    46.1    63.6    65.1    70.7    64.0    71.1    57.4    54.6    59.6    60.4    56.8    60.4    62.6    80.8    37.3    37.2    71.6    50.2    45.3    55.4    45.5    50.6    45.7    64.0    61.0    59.9    63.6    58.3    36.1    30.9    32.0    31.6    30.4    12.0     7.1     5.0    10.4     0.0  2366.2
          1441.6  1627.1  1606.5  1696.3  1673.5  1728.3  1721.5  2115.2  2516.6  2304.1  2461.2  1515.0  1567.1  1607.0  1672.2  1734.2  1755.6  2130.1  2206.0  2407.9  2290.9  2551.9  1705.2  1635.1  1771.0  1794.7  1701.4  1808.7  1886.1  2758.0  1447.3  1442.9  2303.2  1685.6  1592.4  1792.7  1562.6  1646.1  1551.5  3154.7  2923.1  2836.5  2887.7  2715.7  2226.8  2064.9  1908.1  1877.9  1745.8  2620.1  2268.8  2450.2  2071.4  2366.2

Route matrix:
